4.56411    334.581841    334.579618    430.44405    430.441827    
4.569148    334.582543    334.579618    430.444752    430.441827    
4.579135    334.584681    334.579618    430.446891    430.450553    
4.589251    334.587468    334.579618    430.449677    430.450553    
4.599451    334.590904    334.579618    430.453113    430.450553    
4.609636    334.594958    334.579618    430.457167    430.450553    
4.619758    334.599597    334.579618    430.461806    430.450553    
4.629927    334.60488    334.579618    430.467089    430.45928    
4.640104    334.610789    334.579618    430.472998    430.468007    
4.650335    334.617361    334.579618    430.47957    430.468007    
4.660467    334.624481    334.579618    430.486691    430.476733    
4.671291    334.632817    334.588344    430.495026    430.48546    
4.681474    334.641254    334.597071    430.503464    430.502913    
4.691588    334.65025    334.614524    430.512459    430.502913    
4.701718    334.659874    334.631977    430.522083    430.520367    
4.712338    334.670663    334.658157    430.532872    430.529093    
4.722097    334.681117    334.684337    430.543326    430.53782    
4.732209    334.692575    334.701791    430.554784    430.546547    
4.742367    334.704704    334.719244    430.566913    430.555273    
4.752516    334.717448    334.745424    430.579657    430.572726    
4.76265    334.730782    334.754151    430.592991    430.572726    
4.772874    334.744865    334.762877    430.607074    430.581453    
4.783045    334.759498    334.771604    430.621707    430.59018    
4.801448    334.788456    334.771604    430.650665    430.607633    
4.806028    334.795591    334.771604    430.6578    430.625086    
4.81627    334.812368    334.771604    430.674577    430.64254    
4.826493    334.829733    334.78033    430.691942    430.66872    
4.836593    334.847496    334.789057    430.709705    430.6949    
4.856492    334.885485    334.823964    430.747694    430.747259    
4.861232    334.894449    334.83269    430.756658    430.755986    
4.872898    334.917583    334.85887    430.779792    430.782166    
4.881525    334.935039    334.893777    430.797248    430.799619    
4.891648    334.956179    334.928683    430.818388    430.817073    
4.901858    334.978149    334.972317    430.840358    430.843253    
4.91236    335.001417    335.01595    430.863627    430.869432    
4.922162    335.023692    335.050857    430.885901    430.886886    
4.932286    335.047308    335.09449    430.909517    430.913066    
4.942433    335.071613    335.129396    430.933822    430.930519    
4.95258    335.096519    335.14685    430.958728    430.956699    
4.962757    335.122141    335.164303    430.98435    430.974152    
4.974461    335.152487    335.17303    431.014696    431.000332    
4.983043    335.175081    335.181756    431.03729    431.026512    
5.001267    335.225589    335.190483    431.087798    431.052692    
5.009873    335.249651    335.207936    431.11186    431.087599    
5.016064    335.267112    335.216663    431.129321    431.113779    
5.026238    335.296591    335.242843    431.1588    431.148685    
5.036347    335.326487    335.260296    431.188696    431.183592    
5.046514    335.357188    335.295203    431.219398    431.218498    
5.056757    335.388742    335.330109    431.250951    431.253405    
5.066843    335.420424    335.382469    431.282633    431.279585    
5.077591    335.454906    335.426102    431.317115    431.305765    
5.087776    335.488178    335.487189    431.350387    431.340671    
5.097871    335.521755    335.539549    431.383964    431.366851    
5.108074    335.556332    335.591909    431.418541    431.401758    
5.118183    335.591325    335.644268    431.453534    431.436664    
5.128394    335.627055    335.679175    431.489264    431.471571    
5.13859    335.663457    335.714082    431.525666    431.506478    
5.148718    335.700244    335.731535    431.562453    431.550111    
5.158893    335.737832    335.757715    431.600041    431.585017    
5.169099    335.77615    335.775168    431.638359    431.619924    
5.179299    335.81508    335.801348    431.677289    431.672284    
5.189414    335.854286    335.818801    431.716495    431.715917    
5.199653    335.894601    335.836255    431.75681    431.75955    
5.209744    335.934947    335.871161    431.797156    431.803184    
5.219885    335.976104    335.906068    431.838313    431.846817    
5.230113    336.018265    335.949701    431.880474    431.89045    
5.24024    336.06061    336.010788    431.922819    431.925357    
5.250485    336.104081    336.063147    431.966291    431.96899    
5.260542    336.147348    336.124234    432.009557    432.003896    
5.271163    336.193766    336.185321    432.055976    432.038803    
5.281011    336.237346    336.255134    432.099555    432.07371    
5.291077    336.282513    336.31622    432.144722    432.108616    
5.301251    336.328762    336.377307    432.190971    432.143523    
5.311444    336.375739    336.429667    432.237948    432.187156    
5.321521    336.422807    336.4733    432.285016    432.239516    
5.331668    336.470778    336.516933    432.332987    432.291876    
5.341897    336.519797    336.55184    432.382006    432.352962    
5.352124    336.569433    336.57802    432.431642    432.405322    
5.362236    336.619116    336.6042    432.481326    432.475135    
5.372654    336.670984    336.630379    432.533193    432.536222    
5.382544    336.72076    336.665286    432.582969    432.606035    
5.392793    336.773011    336.700193    432.63522    432.667122    
5.402868    336.824925    336.743826    432.687135    432.728208    
5.413046    336.878059    336.804912    432.740268    432.780568    
5.43156    336.977208    336.865999    432.839417    432.832928    
5.43621    337.002005    336.961992    432.864214    432.894014    
5.446416    337.057307    337.040532    432.919517    432.946374    
5.456557    337.112879    337.127798    432.975088    432.981281    
5.466665    337.168887    337.215065    433.031096    433.024914    
5.477145    337.227649    337.302331    433.089858    433.068547    
5.487095    337.283986    337.372144    433.146195    433.112181    
5.497303    337.342376    337.433231    433.204585    433.155814    
5.507392    337.400727    337.476864    433.262936    433.199447    
5.517534    337.460002    337.511771    433.322212    433.251807    
5.527804    337.520693    337.537951    433.382902    433.304167    
5.53791    337.580987    337.555404    433.443196    433.37398    
5.548045    337.642077    337.581584    433.504286    433.45252    
5.558209    337.703968    337.599037    433.566177    433.539786    
5.568338    337.766255    337.64267    433.628464    433.627053    
5.578578    337.829875    337.69503    433.692084    433.705592    
5.58877    337.893858    337.77357    433.756067    433.792859    
5.598841    337.957604    337.860837    433.819813    433.871399    
5.609094    338.023151    337.95683    433.88536    433.949939    
5.619184    338.088275    338.070276    433.950484    434.019752    
5.62929    338.154121    338.174996    434.01633    434.080838    
5.639579    338.221814    338.288442    434.084023    434.133198    
5.649673    338.288824    338.401889    434.151033    434.168105    
5.659829    338.356831    338.489155    434.219041    434.211738    
5.679107    338.488802    338.620055    434.351011    434.299004    
5.685371    338.531679    338.637508    434.393888    434.316458    
5.693955    338.590866    338.672415    434.453075    434.360091    
5.704114    338.661585    338.689868    434.523795    434.421177    
5.714275    338.732959    338.707321    434.595168    434.490991    
5.724371    338.804529    338.716048    434.666738    434.56953    
5.734577    338.877485    338.742228    434.739694    434.665524    
5.744829    338.95138    338.777134    434.813589    434.770243    
5.754978    339.025176    338.838221    434.887386    434.88369    
5.765409    339.10167    338.908034    434.963879    434.988409    
5.775726    339.177963    338.995301    435.040172    435.093129    
5.786945    339.261742    339.10002    435.123951    435.197849    
5.795679    339.327265    339.213467    435.189474    435.285115    
5.80584    339.404251    339.326913    435.26646    435.363655    
5.816059    339.482273    339.46654    435.344482    435.424742    
5.826188    339.560245    339.597439    435.422454    435.494555    
5.836388    339.639389    339.728339    435.501598    435.555641    
5.846519    339.718604    339.850512    435.580813    435.608001    
5.856701    339.798825    339.955232    435.661034    435.660361    
5.86689    339.879781    340.033772    435.74199    435.703994    
5.87698    339.960477    340.094858    435.822687    435.747628    
5.888603    340.054411    340.155945    435.91662    435.799988    
5.897441    340.126157    340.190851    435.988366    435.861074    
5.907486    340.208322    340.208304    436.070531    435.930887    
5.917678    340.292367    340.234484    436.154576    436.018154    
5.927822    340.376666    340.260664    436.238875    436.122873    
5.938006    340.461862    340.295571    436.324071    436.227593    
5.94815    340.547373    340.339204    436.409582    436.349766    
5.958405    340.634806    340.417744    436.497015    436.471939    
5.968591    340.721544    340.50501    436.583753    436.594112    
5.978714    340.808734    340.601004    436.670943    436.716285    
5.990339    340.90981    340.71445    436.77202    436.838458    
5.999356    340.988501    340.827896    436.85071    436.951905    
6.009363    341.076467    340.958796    436.938676    437.047898    
6.01945    341.165794    341.089696    437.028003    437.126438    
6.029531    341.255713    341.229322    437.117922    437.204978    
6.039769    341.347629    341.368948    437.209839    437.274791    
6.049901    341.439243    341.508575    437.301453    437.344604    
6.060065    341.531722    341.630748    437.393931    437.40569    
6.070221    341.624709    341.752921    437.486918    437.466777    
6.080395    341.718584    341.866367    437.580794    437.519137    
6.091983    341.826375    341.944907    437.688584    437.58895    
6.10076    341.908337    342.01472    437.770546    437.658763    
6.110986    342.004496    342.075807    437.866705    437.737303    
6.121151    342.100728    342.11944    437.962937    437.833296    
6.131241    342.196868    342.154347    438.059077    437.929289    
6.141426    342.294528    342.206706    438.156738    438.042736    
6.151644    342.393094    342.259066    438.255303    438.173635    
6.161729    342.491021    342.320153    438.35323    438.295808    
6.172086    342.592291    342.398693    438.4545    438.426708    
6.182584    342.695575    342.494686    438.557784    438.566334    
6.193834    342.807021    342.608132    438.66923    438.688507    
6.20259    342.894145    342.721579    438.756355    438.819407    
6.212809    342.99654    342.852478    438.858749    438.950307    
6.222747    343.096624    342.974651    438.958833    439.055027    
6.233057    343.201176    343.114278    439.063385    439.15102    
6.243118    343.303762    343.253904    439.165971    439.238286    
6.25333    343.408477    343.39353    439.270686    439.316826    
6.263487    343.513327    343.541883    439.375536    439.395366    
6.273585    343.618179    343.68151    439.480388    439.465179    
6.284137    343.728405    343.821136    439.590614    439.534992    
6.295386    343.84677    343.943309    439.708979    439.604805    
6.304323    343.941197    344.056755    439.803406    439.683345    
6.314287    344.046938    344.144022    439.909148    439.788065    
6.324463    344.155699    344.231288    440.017908    439.892785    
6.334563    344.264278    344.301102    440.126487    439.997504    
6.353863    344.474512    344.423275    440.336721    440.241851    
6.358538    344.525275    344.449455    440.387484    440.302937    
6.368646    344.635964    344.510541    440.498174    440.433837    
6.37881    344.747955    344.589081    440.610164    440.573463    
6.388913    344.859773    344.685074    440.721982    440.721816    
6.399994    344.983336    344.79852    440.845545    440.870169    
6.409988    345.095173    344.911967    440.957383    441.009795    
6.420393    345.212446    345.03414    441.074655    441.149422    
6.430455    345.326772    345.173766    441.188981    441.271595    
6.440489    345.440506    345.304666    441.302715    441.385041    
6.450756    345.55801    345.453019    441.420219    441.481034    
6.460903    345.674767    345.601372    441.536976    441.568301    
6.471034    345.791932    345.749725    441.654141    441.655567    
6.481243    345.910627    345.889351    441.772836    441.742834    
6.491317    346.028462    346.046431    441.890671    441.821373    
6.501641    346.14975    346.20351    442.011959    441.917367    
6.519949    346.367325    346.456583    442.229535    442.0919    
6.524662    346.423253    346.51767    442.285462    442.144259    
6.542652    346.639495    346.735836    442.501704    442.362426    
6.54731    346.695389    346.788196    442.557598    442.423512    
6.557485    346.817465    346.884189    442.679674    442.554412    
6.567678    346.939781    346.971455    442.80199    442.702765    
6.577816    347.061449    347.058722    442.923658    442.842391    
6.587904    347.182493    347.137262    443.044702    442.999471    
6.598838    347.313869    347.215801    443.176078    443.147824    
6.608351    347.427905    347.311795    443.290114    443.304903    
6.62659    347.646833    347.495054    443.509042    443.575429    
6.631317    347.703473    347.556141    443.565682    443.645243    
6.641443    347.825021    347.678314    443.68723    443.784869    
6.651595    347.946833    347.809213    443.809042    443.924495    
6.661725    348.068369    347.94884    443.930578    444.046668    
6.681347    348.303917    348.228092    444.166126    444.238655    
6.685995    348.359573    348.289179    444.221782    444.282288    
6.696174    348.481757    348.437532    444.343966    444.369554    
6.706772    348.609041    348.594612    444.47125    444.448094    
6.716583    348.726641    348.742964    444.58885    444.53536    
6.726703    348.848105    348.891317    444.710314    444.6139    
6.736896    348.970409    349.048397    444.832618    444.709893    
6.74706    349.092389    349.179297    444.954598    444.814613    
6.757202    349.214093    349.310196    445.076302    444.936786    
6.767349    349.335905    349.423643    445.198114    445.058959    
6.777564    349.458425    349.528363    445.320634    445.189859    
6.787639    349.579325    349.624356    445.441534    445.329485    
6.797855    349.701965    349.711622    445.564174    445.469112    
6.808079    349.824653    349.798889    445.686862    445.617465    
6.818297    349.947245    349.877429    445.809454    445.765818    
6.828438    350.068913    349.964695    445.931122    445.922897    
6.83857    350.190509    350.060688    446.052718    446.079977    
6.85891    350.434625    350.305034    446.296834    446.385409    
6.863616    350.491097    350.357394    446.353306    446.446496    
6.874042    350.616233    350.49702    446.478442    446.594849    
6.883862    350.734037    350.636647    446.596246    446.708295    
6.893971    350.855321    350.776273    446.71753    446.830468    
6.905405    350.992625    350.915899    446.854834    446.926462    
6.914356    351.099941    351.072979    446.96215    447.022455    
6.9245    351.221729    351.230059    447.083938    447.100994    
6.934686    351.343889    351.369685    447.206098    447.188261    
6.944889    351.466361    351.526765    447.32857    447.266801    
6.955357    351.591965    351.675118    447.454174    447.362794    
6.965453    351.713069    351.806017    447.575278    447.45006    
6.975619    351.835085    351.92819    447.697294    447.55478    
6.985748    351.956645    352.041637    447.818854    447.668226    
6.99588    352.078253    352.13763    447.940462    447.7904    
7.007098    352.212929    352.233623    448.075138    447.921299    
7.016283    352.323065    352.312163    448.185274    448.060926    
7.026401    352.444493    352.399429    448.306702    448.200552    
7.036586    352.566665    352.486696    448.428874    448.348905    
7.046735    352.688513    352.573962    448.550722    448.497258    
7.056964    352.811237    352.678682    448.673446    448.654338    
7.067073    352.932545    352.800855    448.794754    448.793964    
7.077276    353.055053    352.923028    448.917262    448.951043    
7.087412    353.176601    353.045201    449.03881    449.099396    
7.097567    353.298485    353.184827    449.160694    449.239023    
7.108799    353.433353    353.324454    449.295562    449.369923    
7.117934    353.542889    353.472807    449.405098    449.492096    
7.1281    353.664869    353.62116    449.527078    449.596815    
7.138281    353.787065    353.769513    449.649274    449.701535    
7.148375    353.908205    353.917866    449.770414    449.788802    
7.158616    354.031073    354.074945    449.893282    449.876068    
7.168756    354.152741    354.214572    450.01495    449.963334    
7.178903    354.274541    354.362925    450.13675    450.050601    
7.189004    354.395717    354.493824    450.257926    450.146594    
7.19919    354.517949    354.607271    450.380158    450.26004    
7.210497    354.653705    354.720717    450.515914    450.373487    
7.21979    354.765209    354.81671    450.627418    450.504387    
7.229711    354.884225    354.903977    450.746434    450.635286    
7.239888    355.006301    354.991243    450.86851    450.783639    
7.249968    355.127249    355.069783    450.989458    450.923266    
7.260206    355.250153    355.165776    451.112362    451.062892    
7.270418    355.373105    355.261769    451.235314    451.219972    
7.280578    355.494569    355.366489    451.356778    451.368325    
7.290775    355.616957    355.479935    451.479166    451.516677    
7.301106    355.741901    355.602108    451.60411    451.66503    
7.312291    355.875281    355.741735    451.73749    451.804657    
7.32129    355.983233    355.872634    451.845442    451.935557    
7.331388    356.104301    356.012261    451.96651    452.05773    
7.341538    356.226149    356.160614    452.088358    452.171176    
7.352616    356.359133    356.317693    452.221342    452.275896    
7.362616    356.479073    356.466046    452.341282    452.371889    
7.372669    356.599745    356.623126    452.461954    452.459155    
7.382822    356.721545    356.780206    452.583754    452.528968    
7.393066    356.844473    356.919832    452.706682    452.616235    
7.412663    357.079793    357.059458    452.942002    452.712228    
7.418193    357.146021    357.251445    453.00823    452.878034    
7.428389    357.268337    357.364891    453.130546    452.991481    
7.438545    357.390629    357.478337    453.252838    453.12238    
7.448676    357.511829    357.574331    453.374038    453.262007    
7.458824    357.633569    357.670324    453.495778    453.392906    
7.469024    357.755969    357.75759    453.618178    453.541259    
7.479176    357.877829    357.83613    453.740038    453.680886    
7.489387    358.000301    357.91467    453.86251    453.829239    
7.499508    358.121765    358.001936    453.983974    453.986318    
7.509613    358.243013    358.106656    454.105222    454.134671    
7.520245    358.370693    358.220102    454.232902    454.291751    
7.530042    358.488173    358.333549    454.350382    454.431377    
7.54019    358.609961    358.464448    454.47217    454.571004    
7.550316    358.731485    358.595348    454.593694    454.693177    
7.560458    358.853189    358.734974    454.715398    454.797896    
7.578643    359.071409    358.996774    454.933618    454.972429    
7.583347    359.127833    359.066587    454.990042    455.007336    
7.5935    359.249681    359.21494    455.11189    455.094602    
7.603619    359.371121    359.363293    455.23333    455.181869    
7.614134    359.497301    359.520373    455.35951    455.269135    
7.623948    359.615093    359.677452    455.477302    455.365128    
7.634091    359.736809    359.817079    455.599018    455.469848    
7.644285    359.859125    359.956705    455.721334    455.592021    
7.654382    359.980253    360.078878    455.842462    455.714194    
7.664556    360.102365    360.192324    455.964574    455.845094    
7.683977    360.335429    360.375584    456.197638    456.124347    
7.688655    360.391529    360.419217    456.253738    456.185433    
7.698828    360.513617    360.497757    456.375826    456.333786    
7.70895    360.634176    360.585023    456.496385    456.482139    
7.72093    360.775998    360.663563    456.638207    456.639219    
7.729382    360.875574    360.759556    456.737783    456.787572    
7.73948    360.993996    360.864276    456.856206    456.944651    
7.749628    361.112389    360.977723    456.974599    457.084278    
7.75982    361.230652    361.099896    457.092861    457.206451    
7.769994    361.348111    361.230795    457.210321    457.328624    
7.780163    361.464942    361.361695    457.327151    457.44207    
7.790249    361.580136    361.501321    457.442345    457.529337    
7.800449    361.696053    361.649674    457.558262    457.62533    
7.81929    361.907614    361.911474    457.769823    457.764956    
7.824083    361.961513    361.99874    457.823723    457.799863    
7.834152    362.0738    362.138366    457.936009    457.887129    
7.844283    362.186287    362.286719    458.048496    457.956942    
7.854403    362.298009    362.417619    458.160218    458.052936    
7.864589    362.409926    362.539792    458.272136    458.148929    
7.874907    362.522535    362.644512    458.384744    458.262375    
7.885009    362.632237    362.723052    458.494446    458.384548    
7.895156    362.741813    362.801592    458.604023    458.497994    
7.90533    362.851074    362.871405    458.713283    458.637621    
7.9156    362.960744    362.932491    458.822954    458.768521    
7.926186    363.073132    362.993578    458.935341    458.908147    
7.93598    363.176481    363.063391    459.03869    459.0565    
7.94616    363.283277    363.141931    459.145486    459.196126    
7.956282    363.388897    363.246651    459.251106    459.335753    
7.966445    363.494359    363.35137    459.356568    459.466652    
7.976637    363.599461    363.464817    459.46167    459.588825    
7.986868    363.704371    363.595716    459.56658    459.693545    
7.997009    363.807708    363.726616    459.669917    459.789538    
8.007123    363.910182    363.866242    459.772391    459.876805    
8.017376    364.013443    364.005869    459.875653    459.964071    
8.027523    364.115037    364.154222    459.977247    460.033884    
8.037893    364.218167    364.293848    460.080376    460.103697    
8.048047    364.318551    364.424748    460.18076    460.164784    
8.058194    364.418282    364.546921    460.280491    460.22587    
8.068298    364.516964    364.651641    460.379174    460.295684    
8.078487    364.616251    364.738907    460.47846    460.365497    
8.088691    364.71436    364.80872    460.57657    460.444037    
8.098846    364.811655    364.869807    460.673864    460.531303    
8.109041    364.908751    364.91344    460.770961    460.644749    
8.11918    365.004714    364.957073    460.866923    460.758196    
8.129809    365.10471    365.000706    460.966919    460.880369    
8.139543    365.195588    365.053066    461.057797    461.011269    
8.14971    365.289968    365.12288    461.152177    461.142168    
8.159939    365.384299    365.218873    461.246508    461.281795    
8.169998    365.476474    365.314866    461.338683    461.412694    
8.180222    365.569525    365.419585    461.431735    461.543594    
8.190275    365.660434    365.541759    461.522643    461.65704    
8.200542    365.752625    365.663932    461.614835    461.76176    
8.218572    365.912191    365.908278    461.7744    461.91884    
8.231636    366.027064    365.969364    461.889273    461.953746    
8.236348    366.068331    366.152624    461.93054    462.04974    
8.2465    366.156764    366.283523    462.018973    462.110826    
8.2567    366.244951    366.405697    462.107161    462.171913    
8.266852    366.332113    366.50169    462.194322    462.224272    
8.277042    366.419025    366.588956    462.281234    462.267906    
8.287208    366.50506    366.650043    462.367269    462.320266    
8.297603    366.592468    366.693676    462.454677    462.372625    
8.307562    366.675561    366.728582    462.53777    462.433712    
8.317657    366.75918    366.754762    462.621389    462.503525    
8.328773    366.850564    366.772216    462.712773    462.582065    
8.338013    366.925997    366.798396    462.788207    462.686785    
8.348142    367.00804    366.833302    462.870249    462.791504    
8.358361    367.090237    366.903115    462.952446    462.913678    
8.368523    367.17138    366.972929    463.033589    463.035851    
8.386644    367.313648    367.147461    463.175857    463.24529    
8.39132    367.35041    367.191095    463.212619    463.306377    
8.401567    367.430211    367.304541    463.29242    463.411096    
8.411785    367.50916    367.435441    463.37137    463.498363    
8.421755    367.585596    367.56634    463.447805    463.585629    
8.433394    367.674042    367.714693    463.536251    463.664169    
8.443429    367.749595    367.845593    463.611804    463.733982    
8.45359    367.825571    367.967766    463.68778    463.786342    
8.463641    367.900144    368.063759    463.762353    463.838702    
8.474171    367.977628    368.151026    463.839837    463.891062    
8.484024    368.049532    368.212112    463.911742    463.943422    
8.49417    368.122964    368.264472    463.985173    463.978328    
8.504327    368.195821    368.290652    464.05803    464.030688    
8.515036    368.272021    368.308105    464.13423    464.074321    
8.525402    368.345099    368.316832    464.207308    464.126681    
8.535629    368.41661    368.316832    464.278819    464.187768    
8.545838    368.487371    368.334285    464.34958    464.248854    
8.555943    368.556803    368.369192    464.419012    464.327394    
8.566193    368.626626    368.412825    464.488835    464.414661    
8.576427    368.695733    368.482638    464.557942    464.51938    
8.586593    368.763698    368.569905    464.625908    464.6241    
8.596713    368.830805    368.665898    464.693014    464.720093    
8.606873    368.897551    368.779344    464.759761    464.816086    
8.617077    368.963996    368.892791    464.826205    464.920806    
8.62723    369.029461    369.02369    464.89167    464.999346    
8.637689    369.096326    369.15459    464.958536    465.069159    
8.647578    369.15887    369.276763    465.021079    465.130246    
8.65776    369.222703    369.39021    465.084912    465.200059    
8.667879    369.28552    369.486203    465.147729    465.252419    
8.678756    369.352393    369.564742    465.214602    465.304779    
8.688659    369.412646    369.617102    465.274856    465.339685    
8.698915    369.474442    369.652009    465.336651    465.374592    
8.709085    369.535122    369.660736    465.397331    465.400772    
8.719246    369.595134    369.669462    465.457343    465.426952    
8.729405    369.654513    369.660736    465.516722    465.453132    
8.739718    369.714206    369.652009    465.576415    465.488038    
8.749825    369.772042    369.643282    465.634252    465.531671    
8.760021    369.829801    369.660736    465.69201    465.584031    
8.770139    369.886517    369.686916    465.748726    465.653844    
8.780349    369.943163    369.739275    465.805372    465.741111    
8.790556    369.999362    369.809089    465.861571    465.828377    
8.800852    370.055011    369.896355    465.917221    465.92437    
8.811013    370.109513    369.992348    465.971722    466.011637    
8.821152    370.163303    370.097068    466.025512    466.098903    
8.831238    370.216229    370.219241    466.078438    466.177443    
8.841801    370.272563    370.350141    466.134772    466.247256    
8.852834    370.327437    370.48104    466.189646    466.308343    
8.862859    370.378118    370.577033    466.240327    466.351976    
8.881227    370.468645    370.655573    466.330854    466.395609    
8.887076    370.497495    370.734113    466.359704    466.430516    
8.89707    370.546041    370.760293    466.40825    466.456696    
8.907241    370.594834    370.777746    466.457044    466.474149    
8.91745    370.643221    370.786473    466.50543    466.491602    
8.927906    370.692119    370.777746    466.554328    466.509056    
8.938693    370.741925    370.760293    466.604135    466.526509    
8.947928    370.78398    370.734113    466.646189    466.561416    
8.958072    370.829647    370.707933    466.691856    466.605049    
8.968265    370.874897    370.707933    466.737106    466.657409    
8.978379    370.919225    370.71666    466.781434    466.718495    
8.988583    370.963343    370.760293    466.825552    466.788308    
8.998841    371.007059    370.812653    466.869268    466.866848    
9.009028    371.049842    370.891193    466.912051    466.945388    
9.019136    371.091711    370.987186    466.95392    467.015201    
9.029493    371.133992    371.091906    466.996201    467.085014    
9.040404    371.17784    371.196625    467.040049    467.137374    
9.049701    371.214686    371.318798    467.076895    467.181008    
9.059779    371.254042    371.414791    467.116251    467.207187    
9.069912    371.293007    371.510785    467.155216    467.224641    
9.080151    371.331795    371.571871    467.194004    467.242094    
9.090345    371.369792    371.615504    467.232001    467.250821    
9.100514    371.407072    371.632958    467.269281    467.259547    
9.110786    371.444141    371.650411    467.30635    467.259547    
9.121213    371.481123    371.650411    467.343332    467.268274    
9.131222    371.516046    371.632958    467.378255    467.285727    
9.15082    371.58165    371.606778    467.443859    467.311907    
9.155507    371.59737    371.563144    467.45958    467.364267    
9.165683    371.63084    371.528238    467.493049    467.425354    
9.175837    371.663639    371.510785    467.525849    467.495167    
9.185965    371.695752    371.510785    467.557961    467.573707    
9.196218    371.727657    371.536965    467.589866    467.64352    
9.206436    371.75885    371.580598    467.621059    467.713333    
9.216612    371.789311    371.650411    467.65152    467.783146    
9.235087    371.842198    371.807491    467.704407    467.870413    
9.23999    371.856293    371.85985    467.718503    467.887866    
9.249982    371.884285    371.96457    467.746494    467.922772    
9.260184    371.912254    372.060563    467.774463    467.940226    
9.270296    371.93939    372.139103    467.801599    467.940226    
9.280538    371.966275    372.191463    467.828484    467.931499    
9.291086    371.993524    372.22637    467.855734    467.914046    
9.30092    372.017988    372.243823    467.880198    467.887866    
9.318996    372.061069    372.243823    467.923278    467.870413    
9.325329    372.076129    372.243823    467.938338    467.835506    
9.335225    372.099005    372.22637    467.961214    467.818053    
9.346976    372.125345    372.208916    467.987554    467.818053    
9.355765    372.144663    372.17401    468.006872    467.844233    
9.365896    372.166316    372.14783    468.028525    467.887866    
9.376083    372.187495    372.112923    468.049705    467.957679    
9.386452    372.208449    372.09547    468.070658    468.044946    
9.396655    372.228478    372.086743    468.090687    468.132212    
9.406839    372.247886    372.09547    468.110095    468.219478    
9.417058    372.266773    372.130376    468.128983    468.306745    
9.42983    372.289382    372.17401    468.151591    468.376558    
9.437396    372.302543    372.243823    468.164752    468.428918    
9.448571    372.321202    372.331089    468.183411    468.472551    
9.4578    372.336166    372.409629    468.198375    468.507458    
9.468    372.352107    372.488169    468.214316    468.524911    
9.47821    372.367482    372.549255    468.229691    468.533638    
9.488387    372.382239    372.592889    468.244448    468.533638    
9.498608    372.396476    372.610342    468.258686    468.524911    
9.508801    372.410107    372.619069    468.272316    468.507458    
9.518954    372.423118    372.610342    468.285328    468.481278    
9.529245    372.43572    372.601615    468.297929    468.446371    
9.539256    372.447443    372.584162    468.309653    468.411465    
9.558986    372.467922    372.540529    468.330132    468.315472    
9.563685    372.472867    372.523076    468.335077    468.298018    
9.573851    372.48288    372.496896    468.345089    468.254385    
9.583976    372.492314    372.470716    468.354523    468.219478    
9.594227    372.501313    372.435809    468.363522    468.202025    
9.604254    372.509597    372.418356    468.371806    468.219478    
9.614428    372.517458    372.400902    468.379667    468.263112    
9.624589    372.524784    372.409629    468.386993    468.315472    
9.642757    372.535841    372.453262    468.39805    468.446371    
9.648586    372.539409    372.479442    468.401618    468.481278    
9.657744    372.544525    372.531802    468.406735    468.551091    
9.667756    372.549622    372.584162    468.411831    468.620904    
9.679446    372.554886    372.636522    468.417095    468.681991    
9.688149    372.558521    372.680155    468.42073    468.725624    
9.698379    372.562285    372.706335    468.424494    468.751804    
9.708583    372.565587    372.715062    468.427796    468.769257    
9.718796    372.568462    372.715062    468.430671    468.777984    
9.728972    372.570896    372.697608    468.433106    468.769257    
9.73911    372.57294    372.662702    468.435149    468.751804    
9.750192    372.574717    372.627795    468.436927    468.725624    
9.759574    372.579618    372.575435    468.441827    468.690717    
9.76978    372.579618    372.523076    468.441827    468.638357    
9.779932    372.579618    372.488169    468.441827    468.585998    
9.790048    372.579618    372.453262    468.441827    468.507458    
9.800275    372.579618    372.435809    468.441827    468.428918    
9.81054    372.579618    372.444536    468.441827    468.341651    
9.820646    372.579618    372.470716    468.441827    468.271838    
9.830856    372.579618    372.523076    468.441827    468.210752    
9.841121    372.579618    372.575435    468.441827    468.184572    
9.852237    372.579618    372.627795    468.441827    468.193298    
9.86143    372.579618    372.688882    468.441827    468.236932    
9.871623    372.579618    372.732515    468.441827    468.289292    
9.881906    372.579618    372.758695    468.441827    468.367831    
9.892376    372.579618    372.767422    468.441827    468.446371    
9.902202    372.579618    372.767422    468.441827    468.533638    
9.912388    372.579618    372.749968    468.441827    468.603451    
9.922538    372.579618    372.723788    468.441827    468.673264    
9.932755    372.579618    372.688882    468.441827    468.725624    
9.942973    372.579618    372.653975    468.441827    468.769257    
9.953271    372.579618    372.610342    468.441827    468.769257    
9.963413    372.579618    372.557982    468.441827    468.743077    
9.973637    372.579618    372.505622    468.441827    468.690717    
9.983761    372.579618    372.461989    468.441827    468.620904    
9.99427    372.579618    372.435809    468.441827    468.542364    
10.00411    372.579618    372.418356    468.441827    468.446371    
10.01429    372.579618    372.435809    468.441827    468.359105    
10.0244    372.579618    372.479442    468.441827    468.271838    
10.03452    372.579618    372.540529    468.441827    468.202025    
10.05323    372.579618    372.662702    468.441827    468.167119    
10.05915    372.579618    372.697608    468.441827    468.175845    
10.06897    372.579618    372.767422    468.441827    468.219478    
10.07916    372.579618    372.802328    468.441827    468.271838    
10.08964    372.579618    372.837235    468.441827    468.341651    
10.09951    372.579618    372.837235    468.441827    468.411465    
10.10974    372.579618    372.828508    468.441827    468.481278    
10.12022    372.579618    372.802328    468.441827    468.551091    
10.13016    372.579618    372.776148    468.441827    468.603451    
10.14033    372.579618    372.749968    468.441827    468.655811    
10.15112    372.579618    372.706335    468.441827    468.699444    
10.16076    372.579618    372.671429    468.441827    468.734351    
10.17103    372.579618    372.627795    468.441827    468.734351    
10.1812    372.579618    372.575435    468.441827    468.708171    
10.19133    372.579618    372.523076    468.441827    468.655811    
10.20159    372.579618    372.470716    468.441827    468.585998    
10.2117    372.579618    372.435809    468.441827    468.516184    
10.22201    372.579618    372.418356    468.441827    468.428918    
10.23212    372.579618    372.427082    468.441827    468.341651    
10.2422    372.579618    372.461989    468.441827    468.271838    
10.25261    372.579618    372.523076    468.441827    468.202025    
10.26255    372.579618    372.584162    468.441827    468.175845    
10.27274    372.579618    372.653975    468.441827    468.184572    
10.2832    372.579618    372.723788    468.441827    468.219478    
10.2932    372.579618    372.767422    468.441827    468.271838    
10.3041    372.579618    372.802328    468.441827    468.341651    
10.31367    372.579618    372.811055    468.441827    468.411465    
10.32375    372.579618    372.802328    468.441827    468.481278    
10.33405    372.579618    372.784875    468.441827    468.551091    
10.34418    372.579618    372.767422    468.441827    468.620904    
10.35515    372.579618    372.732515    468.441827    468.673264    
10.36453    372.579618    372.697608    468.441827    468.708171    
10.38266    372.579618    372.627795    468.441827    468.734351    
10.38864    372.579618    372.601615    468.441827    468.743077    
10.39845    372.579618    372.566709    468.441827    468.734351    
10.40868    372.579618    372.523076    468.441827    468.699444    
10.42689    372.579618    372.470716    468.441827    468.585998    
10.43157    372.579618    372.453262    468.441827    468.551091    
10.44188    372.579618    372.444536    468.441827    468.472551    
10.45236    372.579618    372.453262    468.441827    468.394011    
10.46211    372.579618    372.488169    468.441827    468.306745    
10.47221    372.579618    372.540529    468.441827    468.245658    
10.4824    372.579618    372.601615    468.441827    468.202025    
10.4927    372.579618    372.662702    468.441827    468.193298    
10.50284    372.579618    372.715062    468.441827    468.219478    
10.51301    372.579618    372.758695    468.441827    468.263112    
10.53407    372.579618    372.776148    468.441827    468.324198    
10.54014    372.579618    372.776148    468.441827    468.428918    
10.54995    372.579618    372.758695    468.441827    468.498731    
10.5602    372.579618    372.732515    468.441827    468.568544    
10.57026    372.579618    372.697608    468.441827    468.620904    
10.58053    372.579618    372.662702    468.441827    468.664537    
10.59084    372.579618    372.610342    468.441827    468.690717    
10.60883    372.579618    372.523076    468.441827    468.690717    
10.61463    372.579618    372.496896    468.441827    468.690717    
10.62515    372.579618    372.453262    468.441827    468.655811    
10.6428    372.579618    372.427082    468.441827    468.551091    
10.64747    372.579618    372.435809    468.441827    468.516184    
10.6577    372.579618    372.453262    468.441827    468.437645    
10.6678    372.579618    372.496896    468.441827    468.367831    
10.67949    372.579618    372.557982    468.441827    468.298018    
10.68822    372.579618    372.619069    468.441827    468.245658    
10.69848    372.579618    372.680155    468.441827    468.228205    
10.70857    372.579618    372.732515    468.441827    468.236932    
10.71875    372.579618    372.767422    468.441827    468.271838    
10.72895    372.579618    372.784875    468.441827    468.315472    
10.73917    372.579618    372.793602    468.441827    468.376558    
10.7494    372.579618    372.784875    468.441827    468.437645    
10.75968    372.579618    372.767422    468.441827    468.498731    
10.76991    372.579618    372.732515    468.441827    468.551091    
10.77996    372.579618    372.697608    468.441827    468.594724    
10.79014    372.579618    372.671429    468.441827    468.638357    
10.80038    372.579618    372.636522    468.441827    468.673264    
10.81071    372.579618    372.610342    468.441827    468.708171    
10.82076    372.579618    372.575435    468.441827    468.725624    
10.83102    372.579618    372.540529    468.441827    468.708171    
10.84184    372.579618    372.514349    468.441827    468.664537    
10.85377    372.579618    372.488169    468.441827    468.594724    
10.8636    372.579618    372.479442    468.441827    468.516184    
10.87395    372.579618    372.479442    468.441827    468.428918    
10.88385    372.579618    372.505622    468.441827    468.350378    
10.89419    372.579618    372.531802    468.441827    468.271838    
10.90425    372.579618    372.575435    468.441827    468.210752    
10.91447    372.579618    372.627795    468.441827    468.184572    
10.92462    372.579618    372.662702    468.441827    468.193298    
10.93492    372.579618    372.697608    468.441827    468.228205    
10.945    372.579618    372.723788    468.441827    468.289292    
10.95544    372.579618    372.723788    468.441827    468.359105    
10.96563    372.579618    372.706335    468.441827    468.437645    
10.97573    372.579618    372.688882    468.441827    468.516184    
10.98591    372.579618    372.653975    468.441827    468.585998    
10.99602    372.579618    372.601615    468.441827    468.655811    
11.00628    372.579618    372.549255    468.441827    468.699444    
11.01649    372.579618    372.496896    468.441827    468.725624    
11.02668    372.579618    372.453262    468.441827    468.725624    
11.03691    372.579618    372.418356    468.441827    468.699444    
11.04708    372.579618    372.418356    468.441827    468.647084    
11.05728    372.579618    372.427082    468.441827    468.585998    
11.06746    372.579618    372.470716    468.441827    468.516184    
11.07759    372.579618    372.523076    468.441827    468.428918    
11.08774    372.579618    372.592889    468.441827    468.350378    
11.09794    372.579618    372.662702    468.441827    468.280565    
11.10812    372.579618    372.723788    468.441827    468.228205    
11.11834    372.579618    372.767422    468.441827    468.202025    
11.12853    372.579618    372.802328    468.441827    468.202025    
11.13872    372.579618    372.828508    468.441827    468.219478    
11.14888    372.579618    372.828508    468.441827    468.245658    
11.15912    372.579618    372.811055    468.441827    468.289292    
11.16936    372.579618    372.793602    468.441827    468.341651    
11.17951    372.579618    372.767422    468.441827    468.402738    
11.18966    372.579618    372.732515    468.441827    468.455098    
11.19977    372.579618    372.697608    468.441827    468.516184    
11.21    372.579618    372.662702    468.441827    468.559818    
11.22008    372.579618    372.627795    468.441827    468.620904    
11.23036    372.579618    372.601615    468.441827    468.664537    
11.24056    372.579618    372.566709    468.441827    468.708171    
11.2508    372.579618    372.540529    468.441827    468.716897    
11.26095    372.579618    372.505622    468.441827    468.690717    
11.27125    372.579618    372.479442    468.441827    468.647084    
11.2814    372.579618    372.461989    468.441827    468.585998    
11.2915    372.579618    372.470716    468.441827    468.507458    
11.30165    372.579618    372.488169    468.441827    468.428918    
11.31186    372.579618    372.531802    468.441827    468.341651    
11.32238    372.579618    372.575435    468.441827    468.271838    
11.33216    372.579618    372.627795    468.441827    468.210752    
11.3423    372.579618    372.688882    468.441827    468.184572    
11.35321    372.579618    372.732515    468.441827    468.193298    
11.36267    372.579618    372.749968    468.441827    468.228205    
11.37288    372.579618    372.767422    468.441827    468.271838    
11.38307    372.579618    372.758695    468.441827    468.341651    
11.40139    372.579618    372.741242    468.441827    468.402738    
11.40603    372.579618    372.706335    468.441827    468.481278    
11.4164    372.579618    372.671429    468.441827    468.542364    
11.42639    372.579618    372.636522    468.441827    468.603451    
11.43655    372.579618    372.601615    468.441827    468.655811    
11.44678    372.579618    372.575435    468.441827    468.699444    
11.45701    372.579618    372.549255    468.441827    468.734351    
11.46725    372.579618    372.523076    468.441827    468.734351    
11.47742    372.579618    372.496896    468.441827    468.708171    
11.48761    372.579618    372.488169    468.441827    468.655811    
11.49793    372.579618    372.488169    468.441827    468.585998    
11.508    372.579618    372.496896    468.441827    468.516184    
11.51814    372.579618    372.523076    468.441827    468.428918    
11.52831    372.579618    372.557982    468.441827    468.341651    
11.53853    372.579618    372.592889    468.441827    468.263112    
11.54871    372.579618    372.645249    468.441827    468.202025    
11.55894    372.579618    372.680155    468.441827    468.167119    
11.56912    372.579618    372.715062    468.441827    468.175845    
11.57929    372.579618    372.732515    468.441827    468.210752    
11.58946    372.579618    372.732515    468.441827    468.254385    
11.59991    372.579618    372.723788    468.441827    468.315472    
11.61005    372.579618    372.697608    468.441827    468.385285    
11.62018    372.579618    372.662702    468.441827    468.455098    
11.63029    372.579618    372.627795    468.441827    468.524911    
11.64093    372.579618    372.575435    468.441827    468.594724    
11.651    372.579618    372.523076    468.441827    468.647084    
11.66118    372.579618    372.470716    468.441827    468.690717    
11.67135    372.579618    372.435809    468.441827    468.725624    
11.68299    372.579618    372.418356    468.441827    468.708171    
11.69171    372.579618    372.418356    468.441827    468.681991    
11.70196    372.579618    372.435809    468.441827    468.629631    
11.71222    372.579618    372.479442    468.441827    468.568544    
11.72223    372.579618    372.540529    468.441827    468.498731    
11.7326    372.579618    372.601615    468.441827    468.420191    
11.74256    372.579618    372.671429    468.441827    468.341651    
11.75295    372.579618    372.732515    468.441827    468.271838    
11.76288    372.579618    372.767422    468.441827    468.210752    
11.77311    372.579618    372.802328    468.441827    468.184572    
11.78334    372.579618    372.802328    468.441827    468.167119    
11.79425    372.579618    372.802328    468.441827    468.184572    
11.80368    372.579618    372.784875    468.441827    468.219478    
11.8139    372.579618    372.767422    468.441827    468.254385    
11.82412    372.579618    372.741242    468.441827    468.306745    
11.83419    372.579618    372.715062    468.441827    468.359105    
11.84435    372.579618    372.688882    468.441827    468.411465    
11.85455    372.579618    372.662702    468.441827    468.455098    
11.87283    372.579618    372.601615    468.441827    468.533638    
11.87749    372.579618    372.584162    468.441827    468.551091    
11.88762    372.579618    372.531802    468.441827    468.594724    
11.89787    372.579618    372.488169    468.441827    468.620904    
11.90805    372.579618    372.453262    468.441827    468.638357    
11.91823    372.579618    372.435809    468.441827    468.629631    
11.92848    372.579618    372.435809    468.441827    468.594724    
11.93856    372.579618    372.461989    468.441827    468.551091    
11.94876    372.579618    372.505622    468.441827    468.481278    
11.95898    372.579618    372.557982    468.441827    468.420191    
11.96913    372.579618    372.619069    468.441827    468.359105    
11.97927    372.579618    372.671429    468.441827    468.298018    
11.98937    372.579618    372.715062    468.441827    468.254385    
11.99961    372.579618    372.749968    468.441827    468.236932    
12.00989    372.579618    372.767422    468.441827    468.245658    
12.02003    372.579618    372.767422    468.441827    468.271838    
12.0302    372.579618    372.758695    468.441827    468.306745    
12.04043    372.579618    372.741242    468.441827    468.359105    
12.05051    372.579618    372.715062    468.441827    468.411465    
12.0608    372.579618    372.697608    468.441827    468.463825    
12.07088    372.579618    372.662702    468.441827    468.516184    
12.08108    372.579618    372.645249    468.441827    468.568544    
12.09128    372.579618    372.619069    468.441827    468.612178    
12.10141    372.579618    372.584162    468.441827    468.647084    
12.11165    372.579618    372.540529    468.441827    468.655811    
12.12191    372.579618    372.505622    468.441827    468.647084    
12.1321    372.579618    372.479442    468.441827    468.603451    
12.14249    372.579618    372.461989    468.441827    468.542364    
12.15238    372.579618    372.470716    468.441827    468.472551    
12.16279    372.579618    372.488169    468.441827    468.402738    
12.17261    372.579618    372.523076    468.441827    468.332925    
12.18275    372.579618    372.575435    468.441827    468.271838    
12.19292    372.579618    372.627795    468.441827    468.236932    
12.21115    372.579618    372.715062    468.441827    468.254385    
12.21671    372.579618    372.732515    468.441827    468.271838    
12.22686    372.579618    372.767422    468.441827    468.324198    
12.23704    372.579618    372.776148    468.441827    468.394011    
12.24725    372.579618    372.767422    468.441827    468.455098    
12.25751    372.579618    372.758695    468.441827    468.516184    
12.26776    372.579618    372.732515    468.441827    468.577271    
12.27778    372.579618    372.697608    468.441827    468.620904    
12.28803    372.579618    372.671429    468.441827    468.664537    
12.29826    372.579618    372.645249    468.441827    468.708171    
12.30841    372.579618    372.619069    468.441827    468.743077    
12.31864    372.579618    372.592889    468.441827    468.769257    
12.32885    372.579618    372.566709    468.441827    468.760531    
12.33907    372.579618    372.540529    468.441827    468.716897    
12.34919    372.579618    372.514349    468.441827    468.655811    
12.35941    372.579618    372.496896    468.441827    468.577271    
12.37764    372.579618    372.488169    468.441827    468.498731    
12.38228    372.579618    372.505622    468.441827    468.376558    
12.39271    372.579618    372.523076    468.441827    468.289292    
12.40262    372.579618    372.557982    468.441827    468.202025    
12.41284    372.579618    372.592889    468.441827    468.158392    
12.42308    372.579618    372.636522    468.441827    468.140939    
12.44115    372.579618    372.671429    468.441827    468.158392    
12.44687    372.579618    372.697608    468.441827    468.219478    
12.4569    372.579618    372.706335    468.441827    468.289292    
12.47506    372.579618    372.680155    468.441827    468.446371    
12.47976    372.579618    372.662702    468.441827    468.481278    
12.49002    372.579618    372.627795    468.441827    468.568544    
12.50004    372.579618    372.584162    468.441827    468.647084    
12.51033    372.579618    372.531802    468.441827    468.708171    
12.52052    372.579618    372.488169    468.441827    468.760531    
12.53071    372.579618    372.453262    468.441827    468.769257    
12.54089    372.579618    372.435809    468.441827    468.751804    
12.55127    372.579618    372.435809    468.441827    468.708171    
12.5613    372.579618    372.453262    468.441827    468.655811    
12.57152    372.579618    372.496896    468.441827    468.577271    
12.58187    372.579618    372.549255    468.441827    468.498731    
12.59171    372.579618    372.610342    468.441827    468.411465    
12.60238    372.579618    372.662702    468.441827    468.324198    
12.61207    372.579618    372.715062    468.441827    468.245658    
12.62229    372.579618    372.758695    468.441827    468.202025    
12.63245    372.579618    372.776148    468.441827    468.167119    
12.64264    372.579618    372.784875    468.441827    468.167119    
12.65281    372.579618    372.776148    468.441827    468.184572    
12.66303    372.579618    372.767422    468.441827    468.219478    
12.68149    372.579618    372.741242    468.441827    468.271838    
12.68739    372.579618    372.697608    468.441827    468.341651    
12.69758    372.579618    372.671429    468.441827    468.394011    
12.70764    372.579618    372.645249    468.441827    468.446371    
12.71787    372.579618    372.619069    468.441827    468.498731    
12.72804    372.579618    372.592889    468.441827    468.542364    
12.73822    372.579618    372.557982    468.441827    468.577271    
12.74834    372.579618    372.523076    468.441827    468.612178    
12.75858    372.579618    372.488169    468.441827    468.620904    
12.7688    372.579618    372.470716    468.441827    468.620904    
12.77905    372.579618    372.453262    468.441827    468.594724    
12.78908    372.579618    372.461989    468.441827    468.542364    
12.79932    372.579618    372.488169    468.441827    468.481278    
12.80945    372.579618    372.523076    468.441827    468.411465    
12.81962    372.579618    372.575435    468.441827    468.359105    
12.82977    372.579618    372.627795    468.441827    468.306745    
12.83989    372.579618    372.680155    468.441827    468.271838    
12.86134    372.579618    372.749968    468.441827    468.271838    
12.86725    372.579618    372.767422    468.441827    468.298018    
12.87717    372.579618    372.767422    468.441827    468.341651    
12.88737    372.579618    372.732515    468.441827    468.402738    
12.8976    372.579618    372.680155    468.441827    468.472551    
12.90767    372.579618    372.610342    468.441827    468.533638    
12.91796    372.579618    372.549255    468.441827    468.594724    
12.92811    372.579618    372.479442    468.441827    468.647084    
12.93835    372.579618    372.418356    468.441827    468.690717    
12.94854    372.579618    372.383449    468.441827    468.699444    
12.95911    372.579618    372.365996    468.441827    468.690717    
12.969    372.579618    372.383449    468.441827    468.655811    
12.97939    372.579618    372.418356    468.441827    468.603451    
12.98952    372.579618    372.461989    468.441827    468.542364    
12.9999    372.579618    372.523076    468.441827    468.463825    
13.00989    372.579618    372.601615    468.441827    468.394011    
13.02005    372.579618    372.680155    468.441827    468.324198    
13.03015    372.579618    372.749968    468.441827    468.271838    
13.0406    372.579618    372.802328    468.441827    468.228205    
13.05103    372.579618    372.845961    468.441827    468.219478    
13.06125    372.579618    372.863415    468.441827    468.219478    
13.0714    372.579618    372.863415    468.441827    468.245658    
13.08191    372.579618    372.854688    468.441827    468.289292    
13.09196    372.579618    372.837235    468.441827    468.332925    
13.10212    372.579618    372.819782    468.441827    468.385285    
13.11265    372.579618    372.802328    468.441827    468.446371    
13.12251    372.579618    372.776148    468.441827    468.490004    
13.13273    372.579618    372.758695    468.441827    468.542364    
13.14292    372.579618    372.715062    468.441827    468.585998    
13.15302    372.579618    372.662702    468.441827    468.620904    
13.16388    372.579618    372.584162    468.441827    468.655811    
13.17351    372.579618    372.505622    468.441827    468.655811    
13.18365    372.579618    372.427082    468.441827    468.629631    
13.19392    372.579618    372.374723    468.441827    468.585998    
13.20403    372.579618    372.348543    468.441827    468.516184    
13.21423    372.579618    372.348543    468.441827    468.446371    
13.22452    372.579618    372.374723    468.441827    468.376558    
13.23473    372.579618    372.427082    468.441827    468.306745    
13.24487    372.579618    372.496896    468.441827    468.254385    
13.25498    372.579618    372.575435    468.441827    468.236932    
13.26546    372.579618    372.662702    468.441827    468.236932    
13.27565    372.579618    372.749968    468.441827    468.271838    
13.28585    372.579618    372.811055    468.441827    468.332925    
13.29612    372.579618    372.854688    468.441827    468.394011    
13.30632    372.579618    372.880868    468.441827    468.455098    
13.31654    372.579618    372.880868    468.441827    468.516184    
13.32674    372.579618    372.872141    468.441827    468.568544    
13.33698    372.579618    372.863415    468.441827    468.620904    
13.35598    372.579618    372.837235    468.441827    468.690717    
13.3626    372.579618    372.837235    468.441827    468.716897    
13.37246    372.579618    372.819782    468.441827    468.751804    
13.38271    372.579618    372.776148    468.441827    468.760531    
13.39323    372.579618    372.723788    468.441827    468.725624    
13.40347    372.579618    372.653975    468.441827    468.690717    
13.41437    372.579618    372.575435    468.441827    468.620904    
13.42376    372.579618    372.488169    468.441827    468.551091    
13.43393    372.579618    372.418356    468.441827    468.472551    
13.44405    372.579618    372.365996    468.441827    468.376558    
13.45423    372.579618    372.339816    468.441827    468.298018    
13.46452    372.579618    372.339816    468.441827    468.219478    
13.47489    372.579618    372.365996    468.441827    468.158392    
13.4849    372.579618    372.400902    468.441827    468.114759    
13.49507    372.579618    372.435809    468.441827    468.079852    
13.50525    372.579618    372.470716    468.441827    468.044946    
13.5159    372.579618    372.514349    468.441827    468.044946    
13.52612    372.579618    372.566709    468.441827    468.062399    
13.5364    372.579618    372.627795    468.441827    468.106032    
13.54655    372.579618    372.680155    468.441827    468.167119    
13.55673    372.579618    372.723788    468.441827    468.254385    
13.56693    372.579618    372.741242    468.441827    468.350378    
13.5771    372.579618    372.749968    468.441827    468.446371    
13.58739    372.579618    372.741242    468.441827    468.542364    
13.59747    372.579618    372.732515    468.441827    468.629631    
13.60772    372.579618    372.706335    468.441827    468.699444    
13.61792    372.579618    372.680155    468.441827    468.760531    
13.62813    372.579618    372.662702    468.441827    468.830344    
13.63835    372.579618    372.645249    468.441827    468.89143    
13.64868    372.579618    372.619069    468.441827    468.935063    
13.65886    372.579618    372.592889    468.441827    468.94379    
13.66894    372.579618    372.557982    468.441827    468.926337    
13.67917    372.579618    372.540529    468.441827    468.882704    
13.68974    372.579618    372.514349    468.441827    468.81289    
13.69983    372.579618    372.488169    468.441827    468.743077    
13.71004    372.579618    372.488169    468.441827    468.655811    
13.72015    372.579618    372.496896    468.441827    468.551091    
13.7304    372.579618    372.514349    468.441827    468.446371    
13.74054    372.579618    372.549255    468.441827    468.341651    
13.75071    372.579618    372.592889    468.441827    468.245658    
13.76093    372.579618    372.627795    468.441827    468.167119    
13.77122    372.579618    372.671429    468.441827    468.123485    
13.78131    372.579618    372.706335    468.441827    468.106032    
13.79147    372.579618    372.732515    468.441827    468.123485    
13.80183    372.579618    372.732515    468.441827    468.158392    
13.81189    372.579618    372.732515    468.441827    468.202025    
13.82247    372.579618    372.715062    468.441827    468.271838    
13.83221    372.579618    372.697608    468.441827    468.332925    
13.84239    372.579618    372.671429    468.441827    468.402738    
13.85251    372.579618    372.645249    468.441827    468.463825    
13.86267    372.579618    372.627795    468.441827    468.524911    
13.87294    372.579618    372.592889    468.441827    468.577271    
13.88303    372.579618    372.566709    468.441827    468.620904    
13.89329    372.579618    372.531802    468.441827    468.655811    
13.90343    372.579618    372.505622    468.441827    468.673264    
13.91369    372.579618    372.488169    468.441827    468.655811    
13.92376    372.579618    372.470716    468.441827    468.612178    
13.93419    372.579618    372.470716    468.441827    468.551091    
13.94415    372.579618    372.496896    468.441827    468.481278    
13.9543    372.579618    372.523076    468.441827    468.402738    
13.96443    372.579618    372.575435    468.441827    468.324198    
13.97457    372.579618    372.627795    468.441827    468.263112    
13.99352    372.579618    372.706335    468.441827    468.210752    
13.99924    372.579618    372.723788    468.441827    468.219478    
14.00928    372.579618    372.749968    468.441827    468.236932    
14.01951    372.579618    372.767422    468.441827    468.280565    
14.02967    372.579618    372.758695    468.441827    468.332925    
14.04007    372.579618    372.741242    468.441827    468.394011    
14.05019    372.579618    372.723788    468.441827    468.455098    
14.06027    372.579618    372.697608    468.441827    468.516184    
14.07041    372.579618    372.662702    468.441827    468.568544    
14.08056    372.579618    372.645249    468.441827    468.620904    
14.09082    372.579618    372.619069    468.441827    468.673264    
14.10093    372.579618    372.592889    468.441827    468.699444    
14.11124    372.579618    372.557982    468.441827    468.690717    
14.12139    372.579618    372.531802    468.441827    468.655811    
14.13155    372.579618    372.505622    468.441827    468.603451    
14.14174    372.579618    372.479442    468.441827    468.533638    
14.15193    372.579618    372.470716    468.441827    468.455098    
14.16212    372.579618    372.488169    468.441827    468.376558    
14.17218    372.579618    372.505622    468.441827    468.306745    
14.1826    372.579618    372.549255    468.441827    468.245658    
14.1926    372.579618    372.592889    468.441827    468.210752    
14.20279    372.579618    372.636522    468.441827    468.219478    
14.21296    372.579618    372.680155    468.441827    468.245658    
14.22332    372.579618    372.715062    468.441827    468.306745    
14.24173    372.579618    372.732515    468.441827    468.376558    
14.24641    372.579618    372.732515    468.441827    468.472551    
14.25662    372.579618    372.723788    468.441827    468.551091    
14.26674    372.579618    372.697608    468.441827    468.620904    
14.27695    372.579618    372.662702    468.441827    468.690717    
14.28715    372.579618    372.610342    468.441827    468.734351    
14.29739    372.579618    372.557982    468.441827    468.769257    
14.30763    372.579618    372.514349    468.441827    468.804164    
14.33261    372.579618    372.418356    468.441827    468.769257    
14.33852    372.579618    372.400902    468.441827    468.743077    
14.34833    372.579618    372.392176    468.441827    468.681991    
14.35915    372.579618    372.400902    468.441827    468.603451    
14.36875    372.579618    372.444536    468.441827    468.516184    
14.37887    372.579618    372.505622    468.441827    468.437645    
14.38899    372.579618    372.575435    468.441827    468.359105    
14.39926    372.579618    372.645249    468.441827    468.271838    
14.40938    372.579618    372.723788    468.441827    468.219478    
14.41962    372.579618    372.784875    468.441827    468.184572    
14.42984    372.579618    372.819782    468.441827    468.184572    
14.4543    372.579618    372.845961    468.441827    468.202025    
14.46124    372.579618    372.845961    468.441827    468.289292    
14.4719    372.579618    372.837235    468.441827    468.332925 