3.184492    486.791167    486.789782    582.793003    582.791617
3.192463    486.792331    486.789782    582.794167    582.791617
3.202575    486.794486    486.789782    582.796321    582.791617
3.212687    486.797256    486.789782    582.799091    582.800344
3.229819    486.804073    486.789782    582.805908    582.800344
3.247716    486.813152    486.789782    582.814988    582.800344
3.252287    486.815413    486.789782    582.817248    582.800344
3.2624    486.821201    486.789782    582.823036    582.800344
3.272764    486.827785    486.789782    582.829621    582.800344
3.28276    486.834722    486.789782    582.836557    582.800344
3.29327    486.842697    486.789782    582.844532    582.800344
3.303057    486.850668    486.798508    582.852504    582.800344
3.313185    486.859549    486.798508    582.861384    582.800344
3.32342    486.869157    486.807235    582.870992    582.800344
3.333473    486.879194    486.807235    582.881029    582.80907
3.343704    486.890047    486.824688    582.891882    582.817797
3.353833    486.901395    486.833415    582.903231    582.83525
3.364006    486.913421    486.842142    582.915256    582.843977
3.374156    486.926038    486.859595    582.927873    582.870157
3.384264    486.939209    486.885775    582.941045    582.88761
3.394765    486.953583    486.903228    582.955418    582.91379
3.404604    486.967586    486.929408    582.969422    582.93997
3.414807    486.982754    486.946861    582.984589    582.96615
3.42491    486.998442    486.981768    583.000278    582.99233
3.435057    487.014707    486.999221    583.016542    583.01851
3.445292    487.03181    487.025401    583.033646    583.04469
3.455373    487.049237    487.051581    583.051073    583.07087
3.465542    487.067455    487.086488    583.069291    583.09705
3.475734    487.086429    487.112668    583.088264    583.114503
3.486168    487.106481    487.138848    583.108316    583.140683
3.496301    487.126356    487.165027    583.128192    583.166863
3.506253    487.146588    487.191207    583.148423    583.184316
3.516365    487.16778    487.217387    583.169615    583.20177
3.526501    487.189642    487.234841    583.191477    583.219223
3.536603    487.21205    487.261021    583.213886    583.236676
3.546832    487.235359    487.278474    583.237194    583.254129
3.557075    487.259336    487.295927    583.261172    583.280309
3.567191    487.283616    487.31338    583.285452    583.289036
3.577283    487.308467    487.330834    583.310303    583.306489
3.587642    487.33462    487.348287    583.336455    583.323943
3.597908    487.361175    487.36574    583.363011    583.341396
3.60775    487.387168    487.374467    583.389003    583.358849
3.617896    487.414623    487.383194    583.416459    583.367576
3.628053    487.442717    487.400647    583.444553    583.393756
3.638185    487.471368    487.4181    583.473204    583.411209
3.6584    487.531582    487.435553    583.533417    583.437389
3.663007    487.545194    487.47046    583.54703    583.489749
3.673174    487.57609    487.49664    583.577925    583.515929
3.683314    487.607501    487.531547    583.609337    583.559562
3.694001    487.641329    487.57518    583.643165    583.594469
3.703654    487.67237    487.610086    583.674205    583.638102
3.713814    487.705702    487.662446    583.707538    583.673008
3.724027    487.739826    487.70608    583.741662    583.716642
3.734104    487.774111    487.749713    583.775947    583.769002
3.744292    487.809407    487.802073    583.811242    583.812635
3.754498    487.84538    487.854433    583.847215    583.856268
3.764625    487.881691    487.898066    583.883526    583.908628
3.774807    487.918849    487.950426    583.920684    583.952261
3.784883    487.956166    487.994059    583.958002    583.995894
3.795514    487.996317    488.046419    583.998152    584.039528
3.805301    488.033756    488.098779    584.035592    584.083161
3.815379    488.072947    488.133685    584.074783    584.118067
3.825518    488.113018    488.177318    584.114854    584.161701
3.835703    488.153887    488.220952    584.155722    584.196607
3.845871    488.195286    488.255858    584.197121    584.231514
3.855994    488.23714    488.299491    584.238976    584.275147
3.866209    488.280017    488.334398    584.281853    584.310054
3.876301    488.322942    488.369305    584.324778    584.34496
3.886392    488.366509    488.395485    584.368344    584.379867
3.897157    488.413706    488.430391    584.415542    584.414773
3.906746    488.456227    488.456571    584.458063    584.440953
3.916976    488.502262    488.491478    584.504098    584.47586
3.927065    488.548264    488.526384    584.5501    584.510766
3.937185    488.595028    488.552564    584.596863    584.545673
3.94761    488.643872    488.587471    584.645708    584.589306
3.957508    488.690801    488.631104    584.692636    584.63294
3.967663    488.739608    488.674737    584.741444    584.685299
3.977807    488.788937    488.71837    584.790772    584.728933
3.987968    488.838987    488.77073    584.840822    584.781293
3.998514    488.891628    488.82309    584.893464    584.833652
4.00836    488.941307    488.884177    584.943143    584.894739
4.018574    488.993512    488.945263    584.995347    584.947099
4.028576    489.04518    489.00635    585.047015    585.008185
4.038701    489.098139    489.067436    585.099974    585.069272
4.049108    489.153415    489.13725    585.15525    585.139085
4.059012    489.206219    489.198336    585.208055    585.208898
4.069227    489.261529    489.276876    585.263364    585.269985
4.07929    489.316602    489.337962    585.318437    585.331071
4.089404    489.37258    489.407776    585.374416    585.392158
4.101074    489.43807    489.468862    585.439906    585.461971
4.109821    489.487508    489.529949    585.489343    585.523057
4.119946    489.545357    489.599762    585.547193    585.592871
4.130065    489.603826    489.660848    585.605662    585.645231
4.140196    489.662975    489.713208    585.664811    585.69759
4.150412    489.723261    489.774295    585.725097    585.758677
4.160585    489.783895    489.826655    585.785731    585.80231
4.170761    489.845186    489.870288    585.847022    585.863397
4.180939    489.907111    489.913921    585.908947    585.915757
4.191026    489.969084    489.966281    585.970919    585.976843
4.202673    490.041567    490.018641    586.043402    586.029203
4.211423    490.096317    490.071001    586.098153    586.081563
4.221547    490.160347    490.123361    586.162182    586.142649
4.231708    490.22527    490.17572    586.227105    586.195009
4.24183    490.290538    490.236807    586.292373    586.256096
4.252066    490.357179    490.297893    586.359015    586.317182
4.262168    490.42357    490.35898    586.425406    586.378269
4.272311    490.490822    490.420067    586.492658    586.448082
4.283181    490.563662    490.498606    586.565498    586.517895
4.293329    490.632234    490.56842    586.634069    586.587708
4.304198    490.706459    490.646959    586.708294    586.657521
4.313606    490.771119    490.716772    586.772955    586.727335
4.323846    490.842197    490.795312    586.844033    586.805874
4.333935    490.912833    490.882579    586.914669    586.884414
4.344054    490.984281    490.961119    586.986116    586.954227
4.354308    491.057352    491.048385    587.059187    587.041494
4.364435    491.13008    491.135652    587.131915    587.120034
4.374549    491.203363    491.214191    587.205199    587.198574
4.384697    491.277505    491.292731    587.279341    587.28584
4.394884    491.35257    491.379998    587.354406    587.373106
4.405714    491.433143    491.458537    587.434979    587.44292
4.415239    491.504416    491.537077    587.506252    587.530186
4.42536    491.580799    491.615617    587.582634    587.608726
4.435654    491.659167    491.694157    587.661002    587.687266
4.445661    491.735927    491.76397    587.737762    587.765806
4.455954    491.815556    491.833783    587.817392    587.844345
4.466047    491.894205    491.903596    587.896041    587.914159
4.476196    491.973942    491.97341    587.975778    587.992698
4.486343    492.054241    492.043223    588.056077    588.062512
4.496455    492.134932    492.121763    588.136767    588.141051
4.507368    492.222769    492.191576    588.224604    588.210865
4.516825    492.299283    492.270116    588.301119    588.280678
4.526998    492.382278    492.339929    588.384113    588.350491
4.537124    492.465527    492.418469    588.467363    588.429031
4.547533    492.551813    492.497008    588.553648    588.50757
4.557435    492.634337    492.575548    588.636173    588.58611
4.567559    492.719419    492.662815    588.721254    588.66465
4.577719    492.805415    492.750081    588.807251    588.751917
4.587875    492.891988    492.837348    588.893824    588.839183
4.598136    492.98016    492.924614    588.981996    588.935176
4.608901    493.073338    493.020607    589.075173    589.022443
4.618518    493.157042    493.1166    589.158878    589.118436
4.628594    493.245366    493.212593    589.247201    589.214429
4.638732    493.334878    493.308586    589.336713    589.310422
4.648856    493.42488    493.40458    589.426716    589.406415
4.659179    493.517352    493.509299    589.519188    589.502408
4.669216    493.607778    493.614019    589.609613    589.607128
4.680637    493.711599    493.710012    589.713434    589.711848
4.689478    493.792278    493.806005    589.794114    589.816567
4.69973    493.886562    493.910725    589.888397    589.912561
4.711913    493.999686    494.006718    590.001522    590.008554
4.719998    494.074841    494.102711    590.076676    590.113273
4.730146    494.170016    494.207431    590.171852    590.209267
4.740332    494.266162    494.312151    590.267998    590.30526
4.75045    494.362307    494.408144    590.364143    590.409979
4.76068    494.460128    494.504137    590.461964    590.505972
4.770804    494.557538    494.60013    590.559374    590.601966
4.78099    494.656208    494.696123    590.658043    590.689232
4.791116    494.754841    494.78339    590.756677    590.785225
4.801263    494.854337    494.870656    590.856173    590.872492
4.811914    494.959581    494.966649    590.961417    590.968485
4.821622    495.055896    495.053916    591.057732    591.047025
4.831731    495.156796    495.149909    591.158632    591.143018
4.841908    495.259109    495.237175    591.260945    591.230284
4.852078    495.361912    495.324442    591.363747    591.317551
4.862223    495.465099    495.429161    591.466934    591.42227
4.872378    495.569016    495.516428    591.570852    591.509537
4.88258    495.674031    495.621148    591.675866    591.60553
4.89272    495.779001    495.717141    591.780837    591.701523
4.902843    495.884441    495.821861    591.886277    591.814969
4.922476    496.091875    495.935307    592.09371    591.928416
4.927115    496.140715    496.092387    592.14255    592.085495
4.937289    496.248801    496.197106    592.250637    592.198942
4.947381    496.356572    496.319279    592.358407    592.329842
4.957669    496.467141    496.441452    592.468977    592.443288
4.967706    496.57559    496.563625    592.577426    592.565461
4.977834    496.685596    496.685799    592.687432    592.696361
4.988016    496.796834    496.807972    592.79867    592.818534
4.998111    496.907753    496.930145    592.909588    592.93198
5.017764    497.126651    497.043591    593.128487    593.06288
5.022408    497.178162    497.209397    593.179997    593.219959
5.032555    497.291728    497.33157    593.293563    593.342133
5.042738    497.406354    497.453743    593.408189    593.464306
5.052846    497.520724    497.575916    593.52256    593.586479
5.063034    497.636625    497.698089    593.63846    593.691198
5.073185    497.752699    497.802809    593.754534    593.804645
5.083356    497.869657    497.916256    593.871493    593.918091
5.093503    497.986945    498.029702    593.988781    594.040264
5.103622    498.1045    498.143148    594.106335    594.144984
5.115091    498.238812    498.256595    594.240647    594.249704
5.124112    498.344558    498.361315    594.346393    594.36315
5.134154    498.463019    498.466034    594.464854    594.476597
5.144307    498.583495    498.579481    594.585331    594.581316
5.154496    498.705011    498.684201    594.706846    594.694763
5.164634    498.826509    498.797647    594.828345    594.808209
5.174763    498.948021    498.911093    594.949857    594.912929
5.184907    499.069773    499.02454    595.071609    595.026375
5.195082    499.191909    499.137986    595.193745    595.157275
5.205277    499.314213    499.260159    595.316049    595.270721
5.216653    499.450857    499.382332    595.452693    595.384168
5.225598    499.558137    499.504505    595.559973    595.515067
5.235821    499.680765    499.626678    595.682601    595.645967
5.245886    499.801521    499.757578    595.803357    595.76814
5.256039    499.923381    499.888478    595.925217    595.890313
5.266286    500.046357    500.019377    596.048193    596.02994
5.276544    500.169489    500.150277    596.171325    596.160839
5.286507    500.289069    500.281177    596.290905    596.291739
5.296603    500.410161    500.420803    596.411997    596.431365
5.306738    500.531805    500.551703    596.533641    596.562265
5.318154    500.668857    500.682603    596.670693    596.693165
5.327326    500.778873    500.822229    596.780709    596.824064
5.337289    500.898393    500.953129    596.900229    596.954964
5.347394    501.019629    501.084028    597.021465    597.077137
5.357545    501.141441    501.206201    597.143277    597.208037
5.367735    501.263805    501.337101    597.265641    597.33021
5.377854    501.385197    501.459274    597.387033    597.443656
5.388052    501.507525    501.581447    597.509361    597.565829
5.398127    501.628425    501.70362    597.630261    597.688002
5.408322    501.750789    501.817067    597.752625    597.801449
5.419638    501.886677    501.930513    597.888513    597.914895
5.428897    501.997713    502.035233    597.999549    598.019615
5.438794    502.116429    502.148679    598.118265    598.133061
5.448872    502.237365    502.262125    598.239201    598.246508
5.459043    502.359441    502.366845    598.361277    598.359954
5.469286    502.482381    502.480292    598.484217    598.473401
5.479352    502.603113    502.585011    598.604949    598.586847
5.489504    502.724973    502.689731    598.726809    598.700293
5.499689    502.847169    502.803178    598.849005    598.81374
5.509832    502.968885    502.916624    598.970721    598.927186
5.521122    503.104929    503.03007    599.106765    599.049359
5.530444    503.216229    503.152243    599.218065    599.171532
5.540524    503.337189    503.26569    599.339025    599.293705
5.550654    503.458749    503.387863    599.460585    599.415878
5.560806    503.580573    503.527489    599.582409    599.538051
5.571009    503.703057    503.649662    599.704893    599.660224
5.581168    503.824917    503.780562    599.826753    599.799851
5.591306    503.946561    503.911462    599.948397    599.922024
5.601468    504.068517    504.051088    600.070353    600.052923
5.611652    504.190725    504.181988    600.192561    600.183823
5.6226    504.322209    504.312887    600.324045    600.32345
5.632001    504.434949    504.452514    600.436785    600.445623
5.642121    504.556425    504.583413    600.558261    600.576522
5.6622    504.797337    504.845213    600.799173    600.829595
5.666785    504.852369    504.906299    600.854205    600.890682
5.676998    504.974937    505.028472    600.976773    601.021581
5.687195    505.097253    505.159372    601.099089    601.152481
5.697279    505.218621    505.281545    601.220457    601.265927
5.707398    505.339737    505.403718    601.341573    601.396827
5.717679    505.463073    505.517165    601.464909    601.519
5.728393    505.591773    505.639338    601.593609    601.6499
5.738564    505.713693    505.752784    601.715529    601.763346
5.748671    505.834989    505.86623    601.836825    601.876793
5.758734    505.955721    505.97095    601.957557    601.998966
5.769204    506.081385    506.093123    602.083221    602.103685
5.779075    506.199849    506.197843    602.201685    602.217132
5.789196    506.321241    506.311289    602.323077    602.339305
5.799331    506.442897    506.424736    602.444733    602.452751
5.809447    506.564277    506.546909    602.566113    602.557471
5.819653    506.686797    506.660355    602.688633    602.670917
5.829898    506.809797    506.773802    602.811633    602.79309
5.840007    506.930973    506.895975    602.932809    602.906537
5.850316    507.054729    507.018148    603.056565    603.019983
5.8603    507.174525    507.140321    603.176361    603.142156
5.870488    507.296769    507.262494    603.298605    603.264329
5.880671    507.418965    507.393393    603.420801    603.386502
5.890812    507.540657    507.515567    603.542493    603.508675
5.900948    507.662289    507.646466    603.664125    603.639575
5.911081    507.783873    507.786093    603.785709    603.761748
5.921273    507.906609    507.908266    603.908445    603.883921
5.931506    508.029057    508.039165    604.030893    604.014821
5.941603    508.150149    508.170065    604.151985    604.136994
5.951979    508.274721    508.300965    604.276557    604.267894
5.961947    508.394277    508.423138    604.396113    604.40752
5.972108    508.516209    508.554037    604.518045    604.529693
5.982237    508.637769    508.67621    604.639605    604.651866
5.992388    508.759557    508.798384    604.761393    604.782766
6.002599    508.882089    508.920557    604.883925    604.913665
6.012726    509.003613    509.04273    605.005449    605.035838
6.02283    509.124873    509.156176    605.126709    605.158012
6.033108    509.248281    509.278349    605.250117    605.280185
6.043243    509.369829    509.391795    605.371665    605.402358
6.053454    509.492337    509.513969    605.494173    605.524531
6.063598    509.614077    509.618688    605.615913    605.646704
6.073695    509.735241    509.740861    605.737077    605.768877
6.083986    509.858757    509.854308    605.860593    605.882323
6.094055    509.979585    509.967754    605.981421    606.004496
6.104176    510.101049    510.089927    606.102885    606.117943
6.114406    510.223809    510.203374    606.225645    606.231389
6.124478    510.344637    510.325547    606.346473    606.344835
6.135037    510.471429    510.438993    606.473265    606.467008
6.144862    510.589245    510.561166    606.591081    606.580455
6.154967    510.710493    510.683339    606.712329    606.693901
6.165198    510.833325    510.805512    606.835161    606.816074
6.175282    510.954261    510.927685    606.956097    606.938247
6.185488    511.076769    511.058585    607.078605    607.06042
6.195635    511.198509    511.180758    607.200345    607.173867
6.205984    511.322709    511.302931    607.324545    607.29604
6.215946    511.442265    511.433831    607.444101    607.418213
6.226256    511.566033    511.556004    607.567869    607.549113
6.236594    511.690101    511.678177    607.691937    607.671286
6.246408    511.807785    511.809077    607.809621    607.793459
6.256568    511.929765    511.939976    607.931601    607.924358
6.26706    512.055705    512.053423    608.057541    608.055258
6.276974    512.174649    512.184322    608.176485    608.177431
6.287024    512.295225    512.306495    608.297061    608.308331
6.297214    512.417901    512.428668    608.419737    608.430504
6.307285    512.538321    512.550841    608.540157    608.561404
6.317514    512.661105    512.673014    608.662941    608.683577
6.3277    512.783361    512.795188    608.785197    608.80575
6.338181    512.908169    512.917361    608.910004    608.927923
6.348031    513.024806    513.039534    609.026642    609.050096
6.358125    513.143776    513.161707    609.145611    609.172269
6.368304    513.263147    513.28388    609.264982    609.294442
6.378906    513.386813    513.406053    609.388649    609.416615
6.388598    513.499274    513.528226    609.501109    609.538788
6.398694    513.6158    513.650399    609.617635    609.643508
6.408866    513.732615    513.763845    609.734451    609.765681
6.418979    513.848131    513.877292    609.849966    609.887854
6.429176    513.963991    513.999465    609.965826    609.992574
6.439393    514.079497    514.112911    610.081332    610.10602
6.449444    514.192392    514.226358    610.194228    610.219466
6.459646    514.306457    514.348531    610.308292    610.332913
6.469806    514.419402    514.45325    610.421237    610.437633
6.480367    514.536157    514.575423    610.537992    610.551079
6.490272    514.645027    514.680143    610.646862    610.655799
6.50042    514.755999    514.784863    610.757835    610.769245
6.510599    514.866678    514.889583    610.868513    610.873965
6.520723    514.976146    514.994302    610.977982    610.978685
6.530905    515.085619    515.099022    611.087455    611.083404
6.541128    515.194937    515.203742    611.196773    611.196851
6.551287    515.302912    515.308462    611.304748    611.301571
6.561457    515.410385    515.413181    611.412221    611.415017
6.571567    515.516624    515.509175    611.518459    611.528463
6.581778    515.623317    515.613894    611.625153    611.633183
6.591895    515.728377    515.718614    611.730212    611.737903
6.602047    515.833203    515.814607    611.835038    611.851349
6.612407    515.939548    515.919327    611.941383    611.964796
6.622499    516.04251    516.032773    612.044346    612.069515
6.632666    516.145617    516.14622    612.147452    612.174235
6.642929    516.249114    516.250939    612.250949    612.278955
6.653012    516.350113    516.355659    612.351949    612.383675
6.663193    516.451492    516.460379    612.453327    612.488394
6.673353    516.552397    516.565099    612.554233    612.593114
6.684897    516.665559    516.669818    612.667395    612.689107
6.693667    516.751294    516.774538    612.753129    612.7851
6.703816    516.849888    516.870531    612.851724    612.88982
6.713979    516.948029    516.975251    612.949865    612.977087
6.724198    517.046075    517.079971    613.04791    613.07308
6.734228    517.141683    517.175964    613.143518    613.169073
6.744493    517.239007    517.280684    613.240842    613.265066
6.754698    517.335038    517.36795    613.336873    613.352332
6.764864    517.430095    517.463943    613.43193    613.448325
6.775071    517.524938    517.559936    613.526774    613.535592
6.785368    517.620274    517.647203    613.622109    613.622858
6.795603    517.713755    517.734469    613.71559    613.718852
6.805729    517.805974    517.821736    613.80781    613.806118
6.815914    517.8981    517.900276    613.899935    613.893384
6.826055    517.989224    517.978815    613.991059    613.980651
6.836286    518.080572    518.066082    614.082407    614.076644
6.846431    518.170513    518.153348    614.172348    614.16391
6.85655    518.259552    518.240615    614.261387    614.251177
6.866706    518.348334    518.327881    614.350169    614.338443
6.876801    518.435984    518.415148    614.43782    614.42571
6.887371    518.527094    518.502414    614.528929    614.53043
6.897343    518.612465    518.598407    614.6143    614.617696
6.90744    518.698276    518.685674    614.700112    614.704963
6.917627    518.784239    518.781667    614.786075    614.792229
6.927758    518.869126    518.868933    614.870962    614.879495
6.937904    518.953532    518.9562    614.955367    614.975489
6.948463    519.04067    519.052193    615.042505    615.062755
6.958517    519.123051    519.139459    615.124887    615.141295
6.968684    519.205731    519.235452    615.207566    615.228561
6.978799    519.287386    519.313992    615.289222    615.315828
6.989179    519.37057    519.409985    615.372406    615.403094
6.999205    519.450289    519.488525    615.452124    615.472907
7.009213    519.529237    519.575792    615.531072    615.551447
7.01949    519.609732    519.654331    615.611567    615.629987
7.029568    519.68803    519.732871    615.689866    615.717254
7.039715    519.766272    519.811411    615.768107    615.787067
7.049977    519.844798    519.881224    615.846634    615.865607
7.060113    519.921685    519.959764    615.92352    615.93542
7.070237    519.997877    520.029577    615.999713    616.005233
7.080345    520.073363    520.090664    616.075199    616.083773
7.090599    520.149323    520.160477    616.151159    616.153586
7.100734    520.223793    520.23029    616.225628    616.223399
7.110999    520.298578    520.300103    616.300414    616.293212
7.121033    520.371067    520.369916    616.372902    616.363025
7.131206    520.443918    520.43973    616.445753    616.432839
7.141454    520.516749    520.509543    616.518585    616.511378
7.159695    520.643935    520.631716    616.64577    616.633551
7.164359    520.676451    520.666622    616.678287    616.668458
7.174461    520.746237    520.736436    616.748072    616.738271
7.184575    520.815482    520.806249    616.817318    616.808084
7.194768    520.884668    520.876062    616.886504    616.877897
7.205153    520.954549    520.945875    616.956385    616.947711
7.215099    521.020791    521.015688    617.022626    617.02625
7.225229    521.087696    521.085501    617.089531    617.096064
7.235329    521.153823    521.155315    617.155659    617.15715
7.24649    521.226157    521.225128    617.227993    617.218237
7.255741    521.285919    521.294941    617.287754    617.28805
7.265875    521.350041    521.364754    617.351876    617.357863
7.276106    521.414523    521.434567    617.416358    617.427676
7.286865    521.481664    521.50438    617.4835    617.497489
7.296335    521.540215    521.565467    617.54205    617.567303
7.306499    521.602423    521.626554    617.604258    617.619662
7.316636    521.663881    521.68764    617.665716    617.689476
7.326795    521.724871    521.748727    617.726706    617.750562
7.336991    521.785423    521.801086    617.787258    617.811649
7.347987    521.850055    521.862173    617.85189    617.872735
7.357361    521.904596    521.92326    617.906432    617.925095
7.367476    521.962853    521.966893    617.964688    617.986182
7.377607    522.020598    522.027979    618.022434    618.029815
7.387746    522.077796    522.080339    618.079632    618.090901
7.398261    522.136453    522.132699    618.138289    618.143261
7.408021    522.190313    522.176332    618.192149    618.195621
7.418205    522.245942    522.237419    618.247777    618.247981
7.428444    522.30122    522.289779    618.303056    618.300341
7.438483    522.354807    522.342139    618.356643    618.352701
7.449538    522.413141    522.394498    618.414977    618.405061
7.458918    522.462088    522.446858    618.463923    618.448694
7.468969    522.513915    522.499218    618.515751    618.50978
7.479107    522.565612    522.551578    618.567448    618.553414
7.489221    522.616582    522.603938    618.618418    618.6145
7.49941    522.66732    522.656298    618.669155    618.658133
7.509617    522.717525    522.708658    618.71936    618.71922
7.519998    522.767963    522.761018    618.769799    618.77158
7.52993    522.815613    522.813377    618.817449    618.82394
7.540066    522.863658    522.865737    618.865493    618.867573
7.550995    522.914748    522.918097    618.916583    618.919933
7.560629    522.959213    522.970457    618.961048    618.963566
7.570791    523.005523    523.022817    619.007359    619.015926
7.580924    523.051106    523.075177    619.052942    619.068286
7.59105    523.096041    523.127537    619.097876    619.120646
7.601271    523.140795    523.17117    619.142631    619.164279
7.611411    523.184579    523.214803    619.186415    619.207912
7.621637    523.228121    523.258436    619.229956    619.251545
7.631798    523.270783    523.30207    619.272619    619.295178
7.641912    523.31264    523.336976    619.314476    619.330085
7.667265    523.412695    523.424243    619.41453    619.434805
7.671895    523.431077    523.441696    619.432912    619.452258
7.682014    523.470575    523.467876    619.47241    619.487165
7.692197    523.509713    523.502782    619.511548    619.522071
7.702364    523.548192    523.537689    619.550027    619.556978
7.71251    523.585971    523.563869    619.587806    619.591884
7.722703    523.62333    523.598776    619.625165    619.618064
7.732864    523.659982    523.633682    619.661818    619.652971
7.742946    523.695723    523.668589    619.697559    619.679151
7.753135    523.731248    523.703495    619.733083    619.714058
7.76365    523.767284    523.738402    619.769119    619.748964
7.773551    523.800612    523.773309    619.802448    619.775144
7.78368    523.834127    523.808215    619.835963    619.818777
7.793773    523.866933    523.851848    619.868769    619.853684
7.803977    523.89949    523.886755    619.901326    619.88859
7.814118    523.931252    523.921662    619.933088    619.923497
7.824243    523.962356    523.965295    619.964192    619.958404
7.834425    523.99304    524.000201    619.994876    619.99331
7.844569    524.022999    524.035108    620.024834    620.01949
7.854692    524.052318    524.070014    620.054154    620.054397
7.864913    524.081315    524.096194    620.083151    620.080577
7.875087    524.109564    524.122374    620.1114    620.115483
7.885238    524.137172    524.157281    620.139008    620.141663
7.895402    524.164202    524.174734    620.166037    620.167843
7.905548    524.19059    524.200914    620.192425    620.20275
7.915708    524.216428    524.227094    620.218263    620.220203
7.925884    524.241704    524.244547    620.243539    620.25511
7.93602    524.266285    524.270727    620.268121    620.28129
7.946171    524.290315    524.296907    620.29215    620.307469
7.95631    524.313737    524.314361    620.315572    620.324923
7.966544    524.336757    524.331814    620.338592    620.351103
7.976675    524.358962    524.349267    620.360797    620.359829
7.98683    524.380635    524.36672    620.382471    620.386009
7.996972    524.401685    524.384174    620.403521    620.394736
8.007446    524.422803    524.401627    620.424638    620.412189
8.017263    524.442052    524.427807    620.443888    620.429642
8.027408    524.461356    524.44526    620.463192    620.447096
8.037617    524.480197    524.462714    620.482033    620.464549
8.047719    524.49825    524.480167    620.500085    620.473276
8.057852    524.515787    524.506347    620.517623    620.490729
8.068522    524.533603    524.5238    620.535438    620.499456
8.078204    524.549244    524.541253    620.55108    620.516909
8.08841    524.565148    524.558707    620.566983    620.534362
8.098483    524.580278    524.567433    620.582113    620.551816
8.109213    524.59574    524.584887    620.597575    620.569269
8.118796    524.609058    524.593613    620.610894    620.586722
8.128962    524.622606    524.611067    620.624441    620.604175
8.139092    524.635534    524.619793    620.637369    620.621629
8.149382    524.648086    524.62852    620.649921    620.639082
8.159559    524.659929    524.645973    620.661765    620.665262
8.169795    524.671271    524.6547    620.673107    620.682715
8.180029    524.682036    524.672153    620.683872    620.700169
8.19005    524.692043    524.68088    620.693878    620.717622
8.200171    524.701599    524.698333    620.703434    620.735075
8.210494    524.710772    524.70706    620.712608    620.743802
8.225925    524.723022    524.715786    620.724857    620.752528
8.239093    524.732647    524.73324    620.734483    620.761255
8.243688    524.735995    524.750693    620.73783    620.769982
8.25386    524.742751    524.75942    620.744586    620.778708
8.265483    524.749748    524.768146    620.751583    620.778708
8.274216    524.754687    524.776873    620.756522    620.778708
8.285122    524.760221    524.785599    620.762057    620.778708
8.294508    524.764592    524.785599    620.766428    620.778708
8.30461    524.768803    524.785599    620.770639    620.778708
8.314793    524.772574    524.785599    620.774409    620.778708
8.324946    524.775873    524.785599    620.777709    620.778708
8.335079    524.778729    524.785599    620.780564    620.778708
8.345256    524.781172    524.785599    620.783008    620.778708
8.355427    524.783215    524.785599    620.785051    620.778708
8.367223    524.785046    524.785599    620.786882    620.778708
8.376101    524.789782    524.785599    620.791617    620.778708
8.386289    524.789782    524.785599    620.791617    620.778708
8.396459    524.789782    524.785599    620.791617    620.778708
8.40649    524.789782    524.785599    620.791617    620.778708
8.416698    524.789782    524.785599    620.791617    620.778708
8.426802    524.789782    524.785599    620.791617    620.778708
8.436993    524.789782    524.785599    620.791617    620.778708
8.447093    524.789782    524.785599    620.791617    620.778708
8.457694    524.789782    524.785599    620.791617    620.778708
8.469341    524.789782    524.785599    620.791617    620.778708
8.4777    524.789782    524.785599    620.791617    620.778708
8.487734    524.789782    524.785599    620.791617    620.778708
8.497868    524.789782    524.785599    620.791617    620.778708
8.508102    524.789782    524.785599    620.791617    620.778708
8.518182    524.789782    524.785599    620.791617    620.778708
8.528391    524.789782    524.785599    620.791617    620.778708
8.538483    524.789782    524.785599    620.791617    620.778708
8.548694    524.789782    524.785599    620.791617    620.778708
8.558734    524.789782    524.785599    620.791617    620.778708
8.569178    524.789782    524.785599    620.791617    620.778708
8.579121    524.789782    524.785599    620.791617    620.778708
8.589259    524.789782    524.785599    620.791617    620.778708
8.5994    524.789782    524.785599    620.791617    620.778708
8.609552    524.789782    524.785599    620.791617    620.778708
8.619712    524.789782    524.785599    620.791617    620.778708
8.637769    524.789782    524.785599    620.791617    620.778708
8.642396    524.789782    524.785599    620.791617    620.778708
8.652504    524.789782    524.785599    620.791617    620.778708
8.662654    524.789782    524.785599    620.791617    620.778708
8.672803    524.789782    524.785599    620.791617    620.778708
8.68303    524.789782    524.785599    620.791617    620.778708
8.693198    524.789782    524.785599    620.791617    620.778708
8.70332    524.789782    524.785599    620.791617    620.778708
8.713514    524.789782    524.785599    620.791617    620.778708
8.72365    524.789782    524.785599    620.791617    620.778708
8.733841    524.789782    524.785599    620.791617    620.778708
8.743983    524.789782    524.785599    620.791617    620.778708
8.75847    524.789782    524.785599    620.791617    620.778708
8.764346    524.789782    524.785599    620.791617    620.778708
8.774609    524.789782    524.785599    620.791617    620.778708
8.784565    524.789782    524.785599    620.791617    620.778708
8.794751    524.789782    524.785599    620.791617    620.778708
8.804903    524.789782    524.785599    620.791617    620.778708
8.815026    524.789782    524.785599    620.791617    620.778708
8.825176    524.789782    524.785599    620.791617    620.778708
8.835359    524.789782    524.785599    620.791617    620.778708
8.845619    524.789782    524.785599    620.791617    620.778708
8.855818    524.789782    524.785599    620.791617    620.778708
8.865911    524.789782    524.785599    620.791617    620.778708
8.876352    524.789782    524.785599    620.791617    620.778708
8.886232    524.789782    524.785599    620.791617    620.778708
8.896368    524.789782    524.785599    620.791617    620.778708
8.90646    524.789782    524.785599    620.791617    620.778708
8.916669    524.789782    524.785599    620.791617    620.778708
8.926798    524.789782    524.785599    620.791617    620.778708
8.936993    524.789782    524.785599    620.791617    620.778708
8.947088    524.789782    524.785599    620.791617    620.778708
8.957224    524.789782    524.785599    620.791617    620.778708
8.96737    524.789782    524.785599    620.791617    620.778708
8.977549    524.789782    524.785599    620.791617    620.778708
8.9877    524.789782    524.785599    620.791617    620.778708
8.997853    524.789782    524.785599    620.791617    620.778708
9.007995    524.789782    524.785599    620.791617    620.778708
9.018122    524.789782    524.785599    620.791617    620.778708
9.036661    524.789782    524.785599    620.791617    620.778708
9.041264    524.789782    524.785599    620.791617    620.778708
9.051471    524.789782    524.785599    620.791617    620.778708
9.061668    524.789782    524.785599    620.791617    620.778708
9.071752    524.789782    524.785599    620.791617    620.778708
9.081929    524.789782    524.785599    620.791617    620.778708
9.092196    524.789782    524.785599    620.791617    620.778708
9.102246    524.789782    524.785599    620.791617    620.778708
9.112421    524.789782    524.785599    620.791617    620.778708
9.122577    524.789782    524.785599    620.791617    620.778708
9.132752    524.789782    524.785599    620.791617    620.778708
9.142897    524.789782    524.785599    620.791617    620.778708
9.153042    524.789782    524.785599    620.791617    620.778708
9.163198    524.789782    524.785599    620.791617    620.778708
9.175866    524.789782    524.785599    620.791617    620.778708
9.185964    524.789782    524.785599    620.791617    620.778708
9.196238    524.789782    524.785599    620.791617    620.778708
9.20621    524.789782    524.785599    620.791617    620.778708
9.216361    524.789782    524.785599    620.791617    620.778708
9.2266    524.789782    524.785599    620.791617    620.778708
9.236716    524.789782    524.785599    620.791617    620.778708
9.246852    524.789782    524.785599    620.791617    620.778708
9.25701    524.789782    524.785599    620.791617    620.778708
9.26747    524.789782    524.785599    620.791617    620.778708
9.2773    524.789782    524.785599    620.791617    620.778708
9.288158    524.789782    524.785599    620.791617    620.778708
9.297572    524.789782    524.785599    620.791617    620.778708
9.307708    524.789782    524.785599    620.791617    620.778708
9.317866    524.789782    524.785599    620.791617    620.778708
9.328022    524.789782    524.785599    620.791617    620.778708
9.338176    524.789782    524.785599    620.791617    620.778708
9.348458    524.789782    524.785599    620.791617    620.778708
9.358497    524.789782    524.785599    620.791617    620.778708
9.368657    524.789782    524.785599    620.791617    620.778708
9.378765    524.789782    524.785599    620.791617    620.778708
9.389192    524.789782    524.785599    620.791617    620.778708
9.399024    524.789782    524.785599    620.791617    620.778708
9.409219    524.789782    524.785599    620.791617    620.778708
9.419391    524.789782    524.785599    620.791617    620.778708
9.429528    524.789782    524.785599    620.791617    620.778708
9.439708    524.789782    524.785599    620.791617    620.778708
9.457755    524.789782    524.785599    620.791617    620.778708
9.462357    524.789782    524.785599    620.791617    620.778708
9.472511    524.789782    524.785599    620.791617    620.778708
9.482709    524.789782    524.785599    620.791617    620.778708
9.49284    524.789782    524.785599    620.791617    620.778708
9.503061    524.789782    524.785599    620.791617    620.778708
9.513162    524.789782    524.785599    620.791617    620.778708
9.523323    524.789782    524.785599    620.791617    620.778708
9.53348    524.789782    524.785599    620.791617    620.778708
9.543629    524.789782    524.785599    620.791617    620.778708
9.553797    524.789782    524.785599    620.791617    620.778708
9.563968    524.789782    524.785599    620.791617    620.778708
9.574098    524.789782    524.785599    620.791617    620.778708
9.584252    524.789782    524.785599    620.791617    620.778708
9.594405    524.789782    524.785599    620.791617    620.778708
9.604618    524.789782    524.785599    620.791617    620.778708
9.614738    524.789782    524.785599    620.791617    620.778708
9.624889    524.789782    524.785599    620.791617    620.778708
9.635083    524.789782    524.785599    620.791617    620.778708
9.645172    524.789782    524.785599    620.791617    620.778708
9.663982    524.789782    524.785599    620.791617    620.778708
9.668697    524.789782    524.785599    620.791617    620.778708
9.678747    524.789782    524.785599    620.791617    620.778708
9.689191    524.789782    524.785599    620.791617    620.778708
9.699115    524.789782    524.785599    620.791617    620.778708
9.709218    524.789782    524.785599    620.791617    620.778708
9.719385    524.789782    524.785599    620.791617    620.778708
9.729526    524.789782    524.785599    620.791617    620.778708
9.73969    524.789782    524.785599    620.791617    620.778708
9.757954    524.789782    524.785599    620.791617    620.778708
9.762529    524.789782    524.785599    620.791617    620.778708
9.772722    524.789782    524.785599    620.791617    620.778708
9.782867    524.789782    524.785599    620.791617    620.778708
9.792983    524.789782    524.785599    620.791617    620.778708
9.803167    524.789782    524.785599    620.791617    620.778708
9.813328    524.789782    524.785599    620.791617    620.778708
9.823507    524.789782    524.785599    620.791617    620.778708
9.833639    524.789782    524.785599    620.791617    620.778708
9.843955    524.789782    524.785599    620.791617    620.778708
9.853993    524.789782    524.785599    620.791617    620.778708
9.864111    524.789782    524.785599    620.791617    620.778708
9.874283    524.789782    524.785599    620.791617    620.778708
9.884486    524.789782    524.785599    620.791617    620.778708
9.894592    524.789782    524.785599    620.791617    620.778708
9.904704    524.789782    524.785599    620.791617    620.778708
9.914921    524.789782    524.785599    620.791617    620.778708
9.925247    524.789782    524.785599    620.791617    620.778708
9.935358    524.789782    524.785599    620.791617    620.778708
9.945568    524.789782    524.785599    620.791617    620.778708
9.955724    524.789782    524.785599    620.791617    620.778708
9.966152    524.789782    524.785599    620.791617    620.778708
9.976035    524.789782    524.785599    620.791617    620.778708
9.986167    524.789782    524.785599    620.791617    620.778708
9.996402    524.789782    524.785599    620.791617    620.778708
10.00648    524.789782    524.785599    620.791617    620.778708
10.01657    524.789782    524.785599    620.791617    620.778708
10.02681    524.789782    524.785599    620.791617    620.778708
10.03699    524.789782    524.785599    620.791617    620.778708
10.04705    524.789782    524.785599    620.791617    620.778708
10.0572    524.789782    524.785599    620.791617    620.778708
10.06739    524.789782    524.785599    620.791617    620.778708
10.07752    524.789782    524.785599    620.791617    620.778708
10.08766    524.789782    524.785599    620.791617    620.778708
10.09782    524.789782    524.785599    620.791617    620.778708
10.10806    524.789782    524.785599    620.791617    620.778708
10.11815    524.789782    524.785599    620.791617    620.778708
10.12835    524.789782    524.785599    620.791617    620.778708
10.13849    524.789782    524.785599    620.791617    620.778708
10.14865    524.789782    524.785599    620.791617    620.778708
10.15875    524.789782    524.785599    620.791617    620.778708
10.16884    524.789782    524.785599    620.791617    620.778708
10.17922    524.789782    524.785599    620.791617    620.778708
10.18917    524.789782    524.785599    620.791617    620.778708
10.1993    524.789782    524.785599    620.791617    620.778708
10.20946    524.789782    524.785599    620.791617    620.778708
10.21959    524.789782    524.785599    620.791617    620.778708
10.23836    524.789782    524.785599    620.791617    620.778708
10.243    524.789782    524.785599    620.791617    620.778708
10.25314    524.789782    524.785599    620.791617    620.778708
10.26329    524.789782    524.785599    620.791617    620.778708
10.27343    524.789782    524.785599    620.791617    620.778708
10.28363    524.789782    524.785599    620.791617    620.778708
10.29387    524.789782    524.785599    620.791617    620.778708
10.30391    524.789782    524.785599    620.791617    620.778708
10.31401    524.789782    524.785599    620.791617    620.778708
10.32423    524.789782    524.785599    620.791617    620.778708
10.33435    524.789782    524.785599    620.791617    620.778708
10.34454    524.789782    524.785599    620.791617    620.778708
10.35469    524.789782    524.785599    620.791617    620.778708
10.36483    524.789782    524.785599    620.791617    620.778708
10.37499    524.789782    524.785599    620.791617    620.778708
10.3851    524.789782    524.785599    620.791617    620.778708
10.3953    524.789782    524.785599    620.791617    620.778708
10.4054    524.789782    524.785599    620.791617    620.778708
10.41558    524.789782    524.785599    620.791617    620.778708
10.42574    524.789782    524.785599    620.791617    620.778708
10.43603    524.789782    524.785599    620.791617    620.778708
10.44611    524.789782    524.794326    620.791617    620.778708
10.45616    524.789782    524.794326    620.791617    620.778708
10.46634    524.789782    524.794326    620.791617    620.778708
10.47657    524.789782    524.794326    620.791617    620.778708
10.48666    524.789782    524.785599    620.791617    620.778708
10.49686    524.789782    524.785599    620.791617    620.778708
10.50702    524.789782    524.785599    620.791617    620.778708
10.5171    524.789782    524.785599    620.791617    620.778708
10.52726    524.789782    524.785599    620.791617    620.778708
10.53738    524.789782    524.785599    620.791617    620.778708
10.54755    524.789782    524.785599    620.791617    620.778708
10.55771    524.789782    524.785599    620.791617    620.778708
10.56782    524.789782    524.785599    620.791617    620.778708
10.57798    524.789782    524.785599    620.791617    620.778708
10.58817    524.789782    524.785599    620.791617    620.778708
10.59835    524.789782    524.785599    620.791617    620.778708
10.60848    524.789782    524.785599    620.791617    620.778708
10.61858    524.789782    524.785599    620.791617    620.778708
10.62882    524.789782    524.785599    620.791617    620.778708
10.63891    524.789782    524.785599    620.791617    620.778708
10.64901    524.789782    524.785599    620.791617    620.778708
10.65921    524.789782    524.785599    620.791617    620.778708
10.66937    524.789782    524.785599    620.791617    620.778708
10.67949    524.789782    524.785599    620.791617    620.778708
10.68963    524.789782    524.785599    620.791617    620.778708
10.69988    524.789782    524.785599    620.791617    620.778708
10.71001    524.789782    524.785599    620.791617    620.778708
10.72046    524.789782    524.785599    620.791617    620.778708
10.7306    524.789782    524.785599    620.791617    620.778708
10.74077    524.789782    524.785599    620.791617    620.778708
10.75091    524.789782    524.785599    620.791617    620.778708
10.76111    524.789782    524.785599    620.791617    620.778708
10.77124    524.789782    524.785599    620.791617    620.778708
10.7814    524.789782    524.785599    620.791617    620.778708
10.79157    524.789782    524.785599    620.791617    620.778708
10.80175    524.789782    524.785599    620.791617    620.778708
10.81192    524.789782    524.785599    620.791617    620.778708
10.82203    524.789782    524.785599    620.791617    620.778708
10.83217    524.789782    524.785599    620.791617    620.778708
10.84234    524.789782    524.785599    620.791617    620.778708
10.85253    524.789782    524.785599    620.791617    620.778708
10.86272    524.789782    524.785599    620.791617    620.778708
10.87282    524.789782    524.785599    620.791617    620.778708
10.88304    524.789782    524.785599    620.791617    620.778708
10.89315    524.789782    524.785599    620.791617    620.778708
10.90326    524.789782    524.785599    620.791617    620.778708
10.9135    524.789782    524.785599    620.791617    620.778708
10.92366    524.789782    524.785599    620.791617    620.778708
10.94173    524.789782    524.785599    620.791617    620.778708
10.9464    524.789782    524.785599    620.791617    620.778708
10.95649    524.789782    524.785599    620.791617    620.778708
10.96687    524.789782    524.785599    620.791617    620.778708
10.97677    524.789782    524.785599    620.791617    620.778708
10.98703    524.789782    524.785599    620.791617    620.778708
10.99706    524.789782    524.785599    620.791617    620.778708
11.00751    524.789782    524.785599    620.791617    620.778708
11.01736    524.789782    524.785599    620.791617    620.778708
11.02752    524.789782    524.785599    620.791617    620.778708
11.03766    524.789782    524.785599    620.791617    620.778708
11.04778    524.789782    524.785599    620.791617    620.778708
11.05794    524.789782    524.785599    620.791617    620.778708
11.0681    524.789782    524.785599    620.791617    620.778708
11.07833    524.789782    524.785599    620.791617    620.778708
11.08844    524.789782    524.785599    620.791617    620.778708
11.09854    524.789782    524.785599    620.791617    620.778708
11.10874    524.789782    524.785599    620.791617    620.778708
11.11886    524.789782    524.785599    620.791617    620.778708
11.129    524.789782    524.785599    620.791617    620.778708
11.13916    524.789782    524.785599    620.791617    620.778708
11.14925    524.789782    524.785599    620.791617    620.778708
11.15942    524.789782    524.785599    620.791617    620.778708
11.16958    524.789782    524.785599    620.791617    620.778708
11.17977    524.789782    524.785599    620.791617    620.778708
11.19001    524.789782    524.785599    620.791617    620.778708
11.20003    524.789782    524.785599    620.791617    620.778708
11.2102    524.789782    524.785599    620.791617    620.778708
11.22046    524.789782    524.785599    620.791617    620.778708
11.23052    524.789782    524.785599    620.791617    620.778708
11.24068    524.789782    524.785599    620.791617    620.778708
11.25083    524.789782    524.785599    620.791617    620.778708
11.26101    524.789782    524.785599    620.791617    620.778708
11.27116    524.789782    524.785599    620.791617    620.778708
11.28137    524.789782    524.785599    620.791617    620.778708
11.29229    524.789782    524.785599    620.791617    620.778708
11.3016    524.789782    524.785599    620.791617    620.778708
11.31173    524.789782    524.785599    620.791617    620.778708
11.32191    524.789782    524.785599    620.791617    620.778708
11.33208    524.789782    524.785599    620.791617    620.778708
11.34222    524.789782    524.785599    620.791617    620.778708
11.35269    524.789782    524.785599    620.791617    620.778708
11.3625    524.789782    524.785599    620.791617    620.778708
11.37274    524.789782    524.785599    620.791617    620.778708
11.38284    524.789782    524.785599    620.791617    620.778708
11.39301    524.789782    524.785599    620.791617    620.778708
11.40316    524.789782    524.785599    620.791617    620.778708
11.4133    524.789782    524.785599    620.791617    620.778708
11.42345    524.789782    524.785599    620.791617    620.778708
11.43361    524.789782    524.785599    620.791617    620.778708
11.44378    524.789782    524.785599    620.791617    620.778708
11.45398    524.789782    524.785599    620.791617    620.778708
11.46414    524.789782    524.785599    620.791617    620.778708
11.47427    524.789782    524.785599    620.791617    620.778708
11.48451    524.789782    524.785599    620.791617    620.778708
11.49463    524.789782    524.785599    620.791617    620.778708
11.50475    524.789782    524.785599    620.791617    620.778708
11.51494    524.789782    524.785599    620.791617    620.778708
11.52506    524.789782    524.785599    620.791617    620.778708
11.53517    524.789782    524.785599    620.791617    620.778708
11.54537    524.789782    524.785599    620.791617    620.778708
11.55553    524.789782    524.785599    620.791617    620.778708
11.56567    524.789782    524.785599    620.791617    620.778708
11.57583    524.789782    524.785599    620.791617    620.778708
11.58606    524.789782    524.785599    620.791617    620.778708
11.59622    524.789782    524.785599    620.791617    620.778708
11.60635    524.789782    524.785599    620.791617    620.778708
11.61661    524.789782    524.785599    620.791617    620.778708
11.62678    524.789782    524.785599    620.791617    620.778708
11.63698    524.789782    524.785599    620.791617    620.778708
11.64821    524.789782    524.785599    620.791617    620.778708
11.65781    524.789782    524.785599    620.791617    620.778708
11.66793    524.789782    524.785599    620.791617    620.778708
11.67809    524.789782    524.785599    620.791617    620.778708
11.68832    524.789782    524.785599    620.791617    620.778708
11.70784    524.789782    524.785599    620.791617    620.778708
11.71247    524.789782    524.785599    620.791617    620.778708
11.72264    524.789782    524.785599    620.791617    620.778708
11.7328    524.789782    524.785599    620.791617    620.778708
11.74291    524.789782    524.785599    620.791617    620.778708
11.7531    524.789782    524.785599    620.791617    620.778708
11.76338    524.789782    524.785599    620.791617    620.778708
11.77338    524.789782    524.785599    620.791617    620.778708
11.78376    524.789782    524.785599    620.791617    620.778708
11.7937    524.789782    524.785599    620.791617    620.778708
11.80393    524.789782    524.785599    620.791617    620.778708
11.81411    524.789782    524.785599    620.791617    620.778708
11.82429    524.789782    524.785599    620.791617    620.778708
11.83439    524.789782    524.785599    620.791617    620.778708
11.84461    524.789782    524.785599    620.791617    620.778708
11.85472    524.789782    524.785599    620.791617    620.778708
11.86486    524.789782    524.785599    620.791617    620.778708
11.87524    524.789782    524.785599    620.791617    620.778708
11.8852    524.789782    524.785599    620.791617    620.778708
11.89533    524.789782    524.785599    620.791617    620.778708
11.90546    524.789782    524.785599    620.791617    620.778708
11.91568    524.789782    524.785599    620.791617    620.778708
11.92586    524.789782    524.785599    620.791617    620.778708
11.93599    524.789782    524.785599    620.791617    620.778708
11.94631    524.789782    524.785599    620.791617    620.778708
11.95635    524.789782    524.785599    620.791617    620.778708
11.96642    524.789782    524.785599    620.791617    620.778708
11.97658    524.789782    524.785599    620.791617    620.778708
11.98671    524.789782    524.785599    620.791617    620.778708
11.99684    524.789782    524.785599    620.791617    620.778708
12.00701    524.789782    524.785599    620.791617    620.778708
12.01717    524.789782    524.785599    620.791617    620.778708
12.02744    524.789782    524.785599    620.791617    620.778708
12.03755    524.789782    524.785599    620.791617    620.778708
12.04769    524.789782    524.785599    620.791617    620.778708
12.05788    524.789782    524.785599    620.791617    620.778708
12.06798    524.789782    524.785599    620.791617    620.778708
12.07815    524.789782    524.785599    620.791617    620.778708
12.08835    524.789782    524.785599    620.791617    620.778708
12.09849    524.789782    524.785599    620.791617    620.778708
12.10865    524.789782    524.785599    620.791617    620.778708
12.12772    524.789782    524.785599    620.791617    620.778708
12.13263    524.789782    524.785599    620.791617    620.778708
12.14287    524.789782    524.785599    620.791617    620.778708
